2300
3178
0
527
0
1494
1209
2265
2309
252
4881
336
512
1500
754
466
1344
810
741
0
2175
502
1041
971
1150
141
660
0
1424
429
1250
2588
1320
570
1473
0
768
1402
3532
1978
0
0
252
684
1503
1176
612
589
4012
2372
1639
595
3196
0
4955
1312
2856
3528
559
651
3602
1719
962
195
805
641
3342
3846
863
3087
2162
1876
1526
208
1200
1440
799
0
353
1183
2091
606
783
1228
440
40
1562
1591
2865
0
135
1359
0
0
1101
2030
1302
2163
1879
0
2060
2631
2375
1056
0
3178
490
1551
0
1524
1640
1317
2329
0
308
535
0
4326
38
84
0
476
2380
1134
0
649
1587
5175
780
2995
2270
1641
1899
55
1040
1282
2144
1745
2352
78
1295
1598
464
461
2264
0
274
370
2408
11
280
3425
1712
690
2196
1879
4536
2212
624
2159
1617
970
1404
390
68
24
40
0
856
0
665
240
448
5947
0
376
3707
1457
1894
974
1323
3060
3135
1774
2043
3611
2352
3087
3
742
2028
1042
783
676
0
958
960
731
2517
210
2058
3625
0
1698
0
0
1172
826
4612
0
2680
1683
525
875
315
808
2963
882
2546
120
2136
708
1206
2448
3133
1708
75
1440
1026
2086
2348
104
0
580
76
2378
258
4724
5642
1288
0
1066
0
0
1677
1426
2914
98
150
0
3082
2054
0
1483
2412
1596
756
715
1748
0
5196
2342
3398
0
1519
690
3011
2447
528
3313
3380
3508
1162
0
493
896
510
2358
546
1824
0
2362
342
1029
1316
3076
81
2541
45
1125
210
0
2683
1921
147
2094
1932
666
0
816
342
804
732
0
0
0
1887
592
512
425
1462
734
0
108
838
218
0
152
224
762
1260
1007
676
1288
882
784
1182
2299
1209
2244
2321
4307
714
3051
0
582
2845
0
0
0
541
0
1419
130
2126
1419
1398
1104
1606
2292
1227
3477
301
315
0
66
2070
0
1872
0
1880
3360
624
0
1862
665
2702
0
360
326
967
518
0
2173
189
1644
0
2882
2436
3006
1568
1854
1058
828
896
688
9
1452
1368
0
1015
3413
361
0
4435
1830
943
1400
2182
84
0
810
1144
0
1435
0
1349
467
1670
760
2655
786
1332
883
1170
1054
725
1606
1312
1280
1092
3373
1308
3610
2716
2581
2059
850
1566
6684
1596
4167
4334
0
0
0
645
1040
2389
1886
2199
0
1175
0
1189
250
655
672
0
52
1628
315
1992
646
1727
1176
1029
679
0
112
666
1584
1950
1260
1113
0
390
0
4131
49
2142
382
432
1433
1451
132
1634
2174
1089
1100
1322
0
3756
1551
3132
3332
1495
1005
4878
0
2792
1218
198
0
0
708
1181
440
0
210
1001
5454
440
903
450
0
1846
174
1008
2280
931
760
840
1925
0
190
1187
2800
3053
3099
3600
0
0
417
611
5119
3268
60
1386
1225
3654
1891
0
1007
0
2493
4249
570
94
0
104
480
3106
664
188
5328
1419
2793
165
234
1765
1173
1727
720
3014
1824
2782
0
3133
0
1937
0
1232
615
1889
360
162
1040
661
2335
1472
2482
874
490
1951
225
737
0
3478
42
0
510
1612
648
1302
0
1817
0
56
1980
3110
0
1939
858
2472
1930
2084
754
2000
1208
1697
2892
1152
2046
0
1238
628
1394
1386
1739
4399
2760
1296
399
39
2180
625
0
3262
585
75
1954
782
1342
944
0
2303
1873
1466
3659
4817
650
0
1994
1490
1175
168
360
448
2009
646
1047
1565
2056
2964
2285
372
320
2116
989
672
3455
1648
1975
491
3065
960
819
866
1855
1131
3231
0
924
0
1789
706
156
454
2035
959
1275
0
384
0
1406
2804
1649
273
539
1360
629
2223
1790
1068
0
1320
0
0
0
1326
0
2107
2874
1226
1596
1156
1424
475
43
1305
1240
743
1389
424
1353
681
4128
1868
936
364
550
994
3554
3687
2414
3469
1752
1928
2084
1160
1842
1040
938
1744
209
3176
1892
0
0
1160
455
1106
1179
261
903
2080
2604
670
602
1653
649
2765
0
1546
616
1761
3037
2132
1034
1552
0
631
2040
1453
1714
2100
0
320
1385
731
143
1616
910
3526
872
3778
2686
2700
2256
1640
0
0
1808
2400
410
39
0
2371
458
1723
1200
1802
0
1150
470
0
1189
1241
980
0
918
1206
4410
1868
1535
390
756
1631
1846
1026
0
465
1173
1491
627
735
3356
407
0
2158
771
2223
943
132
2242
175
3091
1438
1636
3030
1816
1566
2156
568
1791
254
1806
198
436
1722
1809
1141
1886
828
1520
2172
2426
1746
1686
48
1470
3830
1298
0
2302
0
3025
2560
210
220
2169
868
3462
1793
916
1198
1197
1320
3714
1456
1287
494
3882
0
420
96
3680
418
2492
0
1466
84
609
2208
738
1353
0
132
953
429
2750
1543
0
2064
2328
0
1386
198
1744
2296
1564
1148
1073
0
923
0
1131
704
540
1184
1320
1923
2344
2114
0
1595
304
768
340
2015
1953
3042
1372
0
864
9
1230
843
1989
1231
3080
1069
2440
1663
580
608
378
1567
1587
231
309
656
336
310
147
1412
984
520
1837
2219
0
567
0
2340
3633
1373
528
840
0
0
0
168
5365
504
1190
2114
209
0
374
3078
938
80
435
1587
0
2478
75
1002
728
42
5441
2736
1640
0
2595
3776
3668
776
1008
4263
2064
1875
1932
820
2142
1266
1137
98
0
136
0
1524
0
255
361
1495
774
1122
345
2664
4594
864
898
1899
3920
1955
375
0
4444
270
474
2668
798
7
0
1028
42
2482
1503
66
3154
460
560
2835
2092
2908
864
2462
1380
1443
544
1862
1847
1755
0
971
1820
4478
990
1019
1394
1470
0
285
2695
1642
0
2218
821
315
74
274
1496
2771
979
466
1992
768
4120
964
520
3540
638
1632
2664
0
140
0
0
1150
2394
3803
518
1127
3757
533
0
704
1250
0
1225
2201
2006
400
780
763
732
0
1696
1583
96
180
3109
1911
3444
692
342
1073
1634
2063
3200
1887
1482
1218
2502
301
1668
2699
638
588
388
600
0
2928
0
1311
2357
1303
819
1163
520
2197
1965
2994
715
493
585
0
0
4757
2265
1188
49
1610
6157
560
2073
1596
1505
0
0
0
2570
2245
1061
3410
5
1078
1084
336
985
1253
3730
1878
1862
258
1324
1263
1099
2040
72
93
609
1849
0
3487
910
3123
357
58
45
1962
2423
2608
312
1338
3097
723
520
2541
117
1698
2021
1589
1822
4956
65
6251
1216
1059
1744
240
540
1912
2420
2364
291
2916
1196
858
224
806
1800
304
598
0
0
988
330
1880
1799
3227
1742
1096
1110
1234
0
396
1143
2486
611
84
3759
2275
539
0
2156
1109
290
874
960
600
1927
874
338
561
719
0
684
2121
2235
682
0
1112
2279
51
736
594
147
0
48
1802
0
0
759
3540
221
990
39
735
1375
250
2172
1408
792
858
3952
2182
494
2023
90
38
901
720
378
1697
0
0
1433
1247
616
792
2407
3508
3205
0
7571
1091
1276
222
2110
1776
0
3060
1148
0
0
0
4989
0
924
682
1097
3232
2500
1345
2988
696
84
528
50
349
3297
1605
1600
432
2330
210
2048
0
0
716
1571
1299
4298
2305
928
1241
1226
1206
1444
0
735
341
416
1960
574
3511
0
0
3295
300
1582
472
1011
34
1625
1232
0
1302
198
812
0
1908
2080
442
448
2510
0
648
862
0
144
2393
2112
1058
2235
0
1335
1974
0
1310
4721
1780
0
1498
540
1172
1768
0
670
702
2755
2702
1056
0
3300
2339
638
469
1131
884
0
1449
902
1183
2092
2979
979
81
234
864
2815
2250
0
725
3491
0
1666
4774
1693
1435
825
4154
0
908
236
50
561
1180
2823
0
918
2365
673
589
968
0
798
588
120
660
837
2728
3390
545
0
3023
1748
12
433
3177
152
0
5427
44
522
1262
168
2332
1464
0
2067
0
2672
1059
496
1073
1140
466
261
0
2867
197
2589
0
550
0
1870
532
2848
528
738
2062
1104
822
2034
936
1827
1026
1147
615
1687
476
0
1569
2719
42
2356
2808
4416
1757
0
850
555
0
2440
0
3015
1087
2885
1248
130
0
2703
1226
0
2783
990
567
0
651
0
2418
2044
1511
384
454
2823
1960
690
1067
1388
3082
1815
350
5547
468
1836
2078
17
978
396
1687
1760
1209
3036
2503
434
0
3251
975
231
1789
231
121
1430
3680
40
1278
1043
1330
40
66
230
1148
156
4648
754
1425
414
840
128
0
0
2062
360
330
336
1342
1677
2423
952
176
2409
1897
0
1302
1352
810
0
3573
3480
346
2133
399
745
0
886
1272
0
735
807
0
726
4550
616
1202
876
2680
0
0
0
1316
0
2344
4711
168
1830
1038
910
1292
301
748
1222
13
0
1189
1764
1763
0
1491
76
2932
0
2833
960
1699
950
2345
1409
1785
537
1422
1744
1481
1598
1125
1596
91
720
640
0
486
84
0
665
110
4951
1288
3227
323
535
1066
2105
272
1578
518
0
2836
2618
1290
98
1008
500
1372
2845
530
506
0
1276
1209
0
2378
0
2303
2070
1743
629
1451
1876
300
1046
0
1633
0
1164
1240
3291
1719
4806
2185
180
1047
30
441
594
1155
2861
886
0
462
494
1010
595
1647
0
1197
819
0
2943
1560
0
912
1521
202
1326
2600
0
390
261
3245
371
390
1714
2114
224
1653
14
322
266
56
1131
2105
1734
884
192
100
0
1154
1940
434
845
97
1421
168
0
3761
1720
602
342
0
672
795
556
2699
2520
3135
108
459
3256
555
1844
2048
1858
1097
897
0
3028
983
315
1147
0
1170
322
1434
2481
1274
1662
45
752
1374
0
3531
1138
1019
3626
2915
730
3494
525
1560
1433
1766
1858
1758
1355
3279
333
651
2368
0
1001
0
0
214
2471
2603
3718
1399
1427
825
1130
954
194
1326
3533
4267
451
2438
816
860
3050
2427
1482
1221
150
2352
1112
695
3287
443
406
1172
574
330
924
0
413
234
104
1311
1018
2661
1237
2640
105
0
1830
2737
0
4467
572
822
0
2523
0
1064
2996
1081
480
917
2741
602
2958
3114
0
870
364
3136
3676
0
0
3361
1044
1349
672
1534
3563
0
2694
1947
1470
901
3579
1392
1251
1845
1444
825
2244
2268
480
0
0
612
2766
365
917
1640
0
2091
2160
228
0
2064
420
2304
0
2109
1008
1134
0
2433
1845
1937
1565
2084
1377
1629
0
231
0
867
78
1590
2324
1529
1677
912
4833
322
1572
2407
2645
968
2205
720
1227
902
1756
2310
1590
3411
2823
21
2332
0
1459
849
1715
1008
260
2206
3531
0
528
569
3316
221
3035
1685
830
207
0
348
2124
1530
870
2928
1104
2352
1106
1056
0
700
1089
342
1393
4119
2034
1015
411
606
1238
850
66
2121
0
5530
1549
2917
0
630
2375
302
2010
1690
578
0
1091
1728
0
1482
1248
1014
0
465
1217
0
1352
1680
1083
403
0
3842
2773
1386
104
0
842
1391
2996
0
1406
1470
2669
2752
0
750
108
2604
2222
1071
148
351
1787
1239
784
227
1719
2226
0
574
0
564
290
264
0
451
2208
1569
224
897
785
1094
1587
378
1290
0
963
1393
3456
1868
0
1858
3032
680
2879
2300
2617
750
0
3621
3881
54
57
1543
878
630
100
0
287
0
84
627
1373
1295
0
1529
0
0
1481
994
3013
0
0
267
414
2495
2726
492
3703
735
4059
0
2555
3456
2153
0
1662
907
1677
864
2519
2642
831
589
3937
3442
1536
575
3055
1372
0
4365
1019
508
1712
0
1753
1282
0
1159
630
4
545
919
762
1302
2109
3783
1434
0
1117
354
1043
66
0
1040
743
0
336
2046
486
495
259
2158
1862
2267
1452
396
1140
1610
858
2047
822
836
2050
3743
363
2744
0
1588
3731
3706
282
0
768
0
0
0
1789
2807
736
1898
2668
612
282
0
900
1590
2760
49
2024
2253
1228
414
812
252
1772
811
899
590
33
1731
1506
160
1329
2846
320
81
0
2328
1232
2450
907
0
0
0
1147
196
4146
3241
1816
1764
0
290
225
1520
4620
0
1078
190
932
820
231
1400
2906
4636
1479
2198
1596
612
1670
3410
0
6158
4714
3186
609
0
0
3081
1023
2156
1023
1680
0
2787
276
2744
3064
848
1161
1078
0
4254
0
1185
0
3144
1673
1192
2158
0
3201
0
538
2055
2053
815
1951
2064
38
0
1077
1380
1570
160
0
232
1053
2479
0
44
2904
1705
1996
588
1353
2566
0
3219
1170
240
0
1957
2383
1264
2644
811
972
8
0
2587
4136
1452
1378
481
2377
0
1426
1750
2640
15
1993
2450
0
0
495
0
0
1409
0
594
0
3899
0
551
1016
787
298
2124
280
2153
387
936
4120
252
4992
572
1498
0
761
0
82
622
2668
220
5122
3000
1780
4509
0
528
1704
1492
195
192
96
1038
793
1530
381
1333
2096
203
351
2034
0
2758
953
680
0
1877
802
0
440
1772
460
620
290
3129
2149
888
387
585
560
1658
1334
240
2961
1384
221
3288
867
1548
1792
420
5536
0
0
388
1089
1112
1496
1011
2667
2408
2048
429
286
3830
270
1463
1448
0
839
3166
0
1305
2107
286
3842
2254
1598
36
2334
783
4231
1440
664
1025
588
1632
1288
3520
1263
735
252
153
0
1986
2008
1815
1197
2256
1346
784
422
143
4339
94
475
1034
390
966
120
514
140
0
1424
0
0
682
0
2549
0
524
0
1948
980
3
221
714
1370
1363
1421
0
1236
1104
0
527
860
0
735
1813
920
1160
2395
3301
1245
704
0
0
884
1143
1594
2332
1018
3080
2787
704
96
2109
0
2759
1625
825
0
2511
64
522
1282
2432
73
1190
1826
2447
1380
1608
1668
1548
2455
0
539
1974
0
0
2029
961
480
423
384
2728
1779
734
0
1653
330
2570
34
260
1652
1482
322
0
2613
808
1188
50
403
2251
1525
0
2849
3292
2261
784
406
896
3801
0
1191
1264
368
255
3750
0
0
1386
1023
0
245
2231
759
3088
0
303
1012
588
760
2725
173
1193
1534
0
460
393
2566
0
0
3136
3554
1386
1538
2180
15
180
390
0
1588
1738
390
2387
2890
280
756
3980
858
891
1970
162
1862
1559
462
791
550
0
1607
1579
2345
1407
1440
1076
613
1176
530
0
788
828
2795
0
135
1201
2434
208
106
0
2606
245
639
713
720
3157
1610
78
2054
420
2106
0
846
1807
144
2453
727
538
588
301
2347
2125
3046
1359
460
598
1044
1068
2210
1463
512
635
1727
1913
324
1216
1588
1080
1998
5419
1083
1125
2786
4855
981
506
0
490
528
947
1586
1731
2074
1496
1162
2349
741
1125
2526
0
3682
0
0
1760
280
396
908
0
0
1299
0
2101
1336
0
828
0
1072
110
1226
613
1089
545
506
836
323
2588
5011
2209
0
1289
1029
525
1353
2781
3949
3455
1704
2400
1952
2803
871
906
0
1841
780
3985
2150
3916
1629
60
1229
1778
0
1175
1824
3649
1092
2905
1433
4047
1872
1456
0
231
1277
1284
1080
0
488
1155
0
31
962
0
1476
1472
1502
1029
1602
112
143
2108
987
1930
0
168
418
1757
1938
2267
576
2512
450
3133
778
714
0
550
2022
54
3577
1299
3161
2553
1583
0
3356
660
1932
2368
1165
408
1776
1280
1015
2715
183
0
799
98
1131
2039
2566
856
1672
48
3322
2160
798
1480
1935
5721
3610
3482
1014
357
4854
812
0
920
1170
0
3377
1632
1397
1866
1645
2097
1734
0
0
88
0
705
378
1088
1235
147
2981
462
421
1142
3093
568
2666
3046
690
830
2148
1833
0
1968
791
2592
1920
1269
1634
1627
0
0
1125
553
1680
2836
444
336
1531
2365
0
3524
1806
2792
754
139
1360
943
0
114
0
0
212
1149
1029
2531
882
2211
3556
2080
2065
2192
688
831
1659
2128
1225
330
3274
0
3722
306
0
74
688
2936
1443
2118
275
245
460
600
1676
3292
560
0
700
0
754
2926
217
1075
3580
2162
1200
770
1876
1034
1218
2989
1817
1757
525
182
1392
1180
4676
936
2968
3524
572
0
0
1434
2794
0
392
500
2190
0
60
930
1752
910
529
2602
2226
1796
319
461
1988
1256
0
2568
1541
4976
2701
2527
2335
2792
1806
3906
0
794
2368
993
1355
180
3375
1833
0
0
2223
1536
2129
1377
1769
1158
933
1066
312
2707
0
315
1025
68
0
1180
120
756
5976
2040
0
3166
1265
680
1443
1403
872
960
344
2984
2434
2420
493
224
2998
2992
0
1960
1313
0
901
0
0
0
0
0
925
0
1350
2514
1024
966
1823
1465
2038
702
3229
200
3390
264
1491
0
2029
3691
2858
1390
3613
0
828
214
87
0
1646
2026
0
450
2686
519
1595
3171
2845
2743
1294
2446
22
175
2990
2348
78
2470
170
2412
280
0
0
521
870
0
203
510
1398
0
3153
1254
1197
1026
429
2653
513
1530
704
4077
2581
2007
1402
3013
0
1280
468
160
0
668
2318
672
2736
2596
1178
247
1124
0
2695
0
0
462
3761
2253
5
0
624
630
1319
2896
1755
0
195
2812
2067
2058
1197
585
2796
1575
250
9
650
1663
0
3014
6097
1258
2044
756
0
540
1323
722
217
0
592
128
594
1290
266
2478
1906
520
1853
2106
885
242
1637
1546
0
1689
3354
2474
1173
2855
342
1146
4506
0
891
2002
0
1848
840
1640
184
2218
26
77
2079
828
880
2981
1680
489
1066
343
396
720
152
1668
1958
1230
1439
0
320
1871
3933
1218
2386
800
0
518
0
1425
5470
1426
1078
245
2046
0
655
2679
912
1905
100
0
1293
828
0
768
900
698
3437
1078
1940
2357
0
0
2607
1144
1809
3346
1146
927
900
2586
96
600
0
3143
1046
2438
6112
534
1104
1107
0
72
504
535
392
1643
0
0
1176
1688
2067
2469
4727
844
4855
1166
1730
903
3231
2808
0
682
920
4281
1669
1178
2227
1471
0
1665
572
272
1460
2660
1427
3302
0
690
77
1148
602
570
154
2766
0
1515
553
1150
1835
646
1633
714
0
0
2913
731
0
1183
260
600
96
0
892
2701
1385
1536
0
0
1640
403
864
3149
0
3563
1180
0
1957
1483
0
2090
2674
1575
1773
0
0
468
4397
4414
100
434
0
2264
1498
0
569
870
3221
1196
2475
1212
1794
3147
630
2929
590
765
3216
2095
860
1887
736
3622
2329
0
582
110
252
1615
70
329
2175
736
0
1925
921
264
1120
2484
2199
1455
719
2246
2653
515
40
0
0
3115
330
0
2296
0
319
793
464
1208
4678
0
116
0
1854
1745
696
1447
1741
1216
238
3477
391
0
1607
1960
1494
798
0
520
2934
0
3614
105
220
1554
4164
1155
126
90
829
1361
329
1993
1771
1077
684
253
1682
38
910
360
0
222
1408
1344
696
732
2749
263
1144
0
1687
1073
832
4175
0
1347
1136
1381
1190
1103
927
0
2407
2115
1014
264
0
2803
0
2876
2372
2299
2209
0
2082
637
0
2753
3099
2274
0
3792
168
339
3687
2708
206
0
1833
882
660
1606
1520
0
651
1824
195
1667
1287
1464
1762
690
1066
377
628
2784
0
2194
4597
2590
3958
880
333
387
90
392
4502
208
578
1702
540
506
2418
1200
2113
1680
1045
3146
768
0
10
2718
1406
80
0
688
952
3457
0
0
1019
96
0
4151
3397
850
645
903
1664
0
1813
0
2242
0
0
118
5296
374
2254
0
1053
3929
1568
2798
96
1496
2228
356
4515
0
1948
2902
1834
2352
559
1400
2181
403
571
2691
860
0
0
2665
896
612
664
2669
2890
3187
0
2293
1322
0
547
2257
553
3204
159
2967
2987
736
1727
870
3435
2303
990
2100
1617
84
0
1554
1798
609
319
2824
2811
0
1932
3468
609
0
147
672
1337
351
624
1852
390
1559
255
2441
4015
753
348
975
3351
1826
2757
2154
1456
2662
1456
3988
1610
2190
421
2104
3702
2422
1998
680
1338
974
2639
2822
0
1911
3428
9
2216
643
1339
1080
252
4151
1166
582
1020
1873
0
1160
1767
459
1871
5116
1371
2040
2424
1440
0
3596
1620
0
1293
1430
0
1326
1050
0
1740
1591
0
1698
0
3802
3712
900
2514
4559
1146
392
355
0
46
0
1480
2606
0
1652
46
1956
4807
1575
268
1844
3122
4081
3502
327
2402
0
6920
4458
407
375
0
2303
0
792
3034
883
0
3211
1008
3587
709
635
1029
1408
932
1273
1026
1575
999
2198
2024
90
5379
3078
145
1558
1127
0
2776
959
1023
447
0
3009
1134
0
3360
2397
2498
371
575
858
666
645
884
0
2708
3880
1210
561
2295
0
379
1144
203
2237
3821
0
2157
39
200
300
1610
1440
1719
797
2120
198
1297
501
798
1017
2584
182
2110
2658
2
3964
3992
0
1764
842
968
1603
594
3473
570
3327
1197
2870
294
720
96
1352
2947
910
1586
1158
528
3266
2710
0
126
709
3165
1002
462
2945
2208
1559
1613
0
538
481
4335
686
0
4121
5203
1954
0
728
0
4101
2680
1457
0
1761
0
0
891
2630
702
3810
105
3918
771
690
1240
1239
7235
54
1260
1564
1654
1715
518
0
3605
1411
1377
2025
2564
0
1161
1376
531
0
3282
754
0
1748
2370
355
0
1556
0
2086
2381
2355
436
160
1844
432
1056
2427
48
572
3244
570
810
260
3701
576
0
1248
2055
0
1176
2626
975
0
1666
3106
2746
959
1694
2474
0
0
1898
0
35
1160
715
978
3509
1132
160
225
2666
1841
1064
2253
800
1280
2037
3412
943
245
2322
52
3543
541
1381
0
129
1872
4271
0
3423
1245
1551
0
1826
4606
1290
171
672
1035
1328
1929
1188
1511
0
1753
0
275
1470
1054
111
1854
928
1912
228
460
119
456
752
407
1596
544
593
1577
0
624
35
0
1925
150
556
986
2686
192
945
1849
0
2208
2143
0
0
2302
1715
1799
1677
102
1782
3368
1941
2331
2079
842
3018
0
974
0
2131
1908
1361
210
695
2877
2838
1768
1152
2565
2409
3773
1689
0
2160
1524
495
256
221
464
1610
138
748
1075
2032
0
3321
2233
0
1057
1804
3328
2673
4807
3705
3870
0
497
1106
1129
522
4089
990
558
258
0
1176
825
1064
0
2019
1124
0
2107
0
1260
2079
3901
713
2618
145
3139
2346
1004
1408
93
602
1533
201
279
0
1160
2348
1947
856
0
2257
5023
2545
1717
0
357
0
6741
1134
0
748
1558
1262
980
1557
78
88
851
3828
3038
360
806
0
0
330
1551
1286
2356
1011
2870
902
180
3513
42
2098
2272
1599
1684
1968
4366
348
3551
140
2818
1191
1287
0
322
0
2623
0
4277
2207
2955
1221
1146
4501
1264
174
0
0
631
87
35
0
983
3798
0
4398
3338
2
752
4712
83
105
5185
1320
0
76
2578
1334
0
987
1824
0
2120
168
0
0
378
0
87
3859
1028
473
396
3208
4307
1873
1652
3153
600
3421
0
1633
504
0
2759
1253
572
0
320
1628
707
1500
880
0
1828
207
2552
1087
330
1985
22
112
48
420
2420
359
0
3188
0
1212
684
48
1152
2893
0
560
2255
4469
389
2544
1320
1360
936
1440
1147
420
0
301
256
204
88
320
2420
1277
2304
303
1392
547
0
949
1485
3875
1215
0
0
1927
22
72
1192
0
180
4067
4290
1344
0
5503
1864
884
72
180
3085
1743
627
148
3310
1638
1566
962
868
1832
0
1605
2850
1482
0
63
2125
1930
520
1196
2290
0
1410
1999
2293
819
841
755
0
3364
325
315
2891
978
189
0
0
0
252
252
1102
2774
62
454
630
2703
896
896
957
30
0
1632
1830
2262
1666
282
1240
1376
504
0
3296
0
0
700
168
1383
0
1209
5143
5621
1254
4167
1164
504
1176
0
984
0
580
938
2610
1703
738
1561
0
2126
500
755
2254
555
1599
0
0
196
736
1355
2432
2796
0
0
1486
590
4157
968
567
336
657
234
1439
1806
520
0
1983
0
2543
0
576
0
0
441
0
1004
3032
132
2669
2854
1968
1225
0
1676
1629
47
1082
90
2330
0
573
640
87
2778
0
1615
1131
308
574
2781
5086
2660
312
582
1204
520
656
4856
0
1040
3162
926
3119
451
950
0
0
1218
882
1360
4075
1920
0
452
1029
1046
3428
416
3630
782
1212
1112
0
132
686
4132
3098
1480
2006
1951
1845
2205
2100
1732
120
189
1265
0
3314
1273
1518
1902
494
874
2074
1380
702
712
2343
1520
2196
217
3040
774
618
4087
1573
657
2142
596
1408
1345
2885
2697
0
1527
480
396
5860
60
196
660
4439
564
1310
0
1264
2478
0
1238
2505
1652
2502
144
0
222
0
1427
0
1104
3158
240
2256
208
156
1507
1084
2112
2205
216
1560
0
741
1794
1491
1248
722
0
2471
1289
608
2658
4234
1377
1448
1612
364
39
2057
173
2165
2065
0
0
775
1559
2692
0
1256
2
128
0
2868
126
189
2862
2781
0
0
1378
1655
768
966
668
2423
3988
1597
2996
676
1260
602
702
1806
480
280
1868
800
1461
2495
1712
1634
975
0
2151
1589
66
560
1694
1489
2401
1631
3770
438
2373
162
1800
1415
948
1788
2128
1813
3610
2757
2358
431
1089
0
2140
483
416
3712
2561
36
0
600
1166
3176
726
1225
1509
37
3091
0
2163
1584
4812
135
1438
420
1426
115
946
2000
201
2493
2464
290
2202
1015
100
1892
825
3015
1680
1006
1421
1589
255
598
666
1662
1602
781
4306
0
729
1487
993
33
1463
2098
108
2199
504
1834
2568
867
93
385
0
210
1283
0
3001
2852
60
1012
1311
0
0
1152
1280
1074
1771
1320
4878
0
3193
0
4320
2808
119
627
1353
2004
0
1221
1500
693
527
1078
1525
0
3070
2112
245
1507
1878
96
0
882
3540
1095
1372
3294
1570
353
0
1960
3768
317
46
224
2894
1127
130
455
1747
2181
2193
560
0
1863
1256
637
0
448
235
0
72
1876
2142
757
342
1154
210
1823
3812
648
255
3284
972
1986
2396
3189
504
0
1558
1991
4164
810
0
320
4807
3782
2743
1974
729
527
216
0
1949
2128
2542
1660
2077
266
0
1689
1021
2520
2057
0
4357
342
1797
522
1316
1386
858
1140
899
2823
955
792
2380
2439
0
24
405
936
2601
1640
352
964
0
2415
2659
2792
1758
493
0
2363
1914
494
784
0
140
2017
2046
0
1958
1761
245
1181
366
1674
1092
2296
0
0
2385
1895
3551
14
1645
1543
690
1974
1397
1344
1067
0
3744
765
475
736
3951
649
294
0
556
0
1794
377
1696
3127
0
2497
2082
544
646
340
396
1993
384
2795
4368
522
0
680
3011
3515
641
0
1040
2332
2046
120
1477
2501
267
402
600
1157
120
3312
2351
0
833
1050
2354
2000
2232
1623
835
532
420
569
477
764
1662
2244
1764
1219
442
1726
315
380
288
2596
4508
2238
0
372
2582
1865
2646
1901
1593
2371
7692
0
2855
235
3343
1188
3212
1421
1034
1316
0
4009
943
2848
0
1623
1058
462
2240
1528
572
1632
797
2052
1521
2237
3248
542
0
132
1800
399
282
297
2687
3306
64
389
2217
2555
2747
2709
666
1014
2468
0
2630
4548
2800
2289
0
0
1393
2154
384
2834
2508
1979
3117
1633
2832
78
0
539
1277
2568
364
2768
1106
881
2828
280
744
1763
616
222
2077
1519
460
5703
30
1065
2176
1310
1519
3208
2525
120
2849
0
0
10
2424
1098
111
885
532
800
357
2286
1260
296
736
3355
1072
0
4361
280
1645
1637
1560
523
2020
918
933
259
0
399
1911
621
2532
92
0
987
1114
2305
0
0
2672
988
594
1363
1381
2051
2675
902
1920
276
3054
1517
1120
244
1155
0
1074
756
1492
99
552
96
108
1144
225
259
768
145
2235
0
1242
0
774
1150
52
1022
4088
402
1756
841
390
0
0
94
729
585
1532
1008
5576
3123
48
1798
133
0
0
1350
0
955
3142
3639
797
3330
4474
0
1556
1372
3331
819
756
1520
1320
3438
522
3689
2786
264
2322
2018
0
1476
1815
630
2245
322
2777
377
412
320
1519
1140
1873
947
56
298
0
366
1073
96
4071
1240
1956
3526
432
464
780
1374
1241
542
251
459
0
663
1081
1012
2716
2521
0
2116
1118
946
2487
1806
570
0
0
4164
1309
1071
0
468
0
0
348
2352
416
884
853
1470
2327
0
1501
0
561
46
924
2489
0
1280
140
0
150
2330
589
3126
1096
0
0
2666
1155
681
1050
135
1566
0
0
468
0
1497
904
920
2400
0
357
1511
1918
3554
0
425
10
954
329
2679
33
0
0
0
760
1654
846
672
2087
15
1617
1284
336
1365
326
3283
0
117
0
1917
1956
1284
462
1879
418
2573
2902
1116
240
0
912
4350
1976
1056
420
1536
70
0
228
2954
420
1830
501
414
0
2170
640
0
1624
396
3532
1394
2302
1720
1715
0
520
960
2736
2177
4022
783
234
2314
1673
0
630
1073
2937
1050
784
0
5314
320
377
819
0
1796
488
729
2400
1910
2753
736
147
3548
1699
4144
0
1503
0
918
1293
0
0
1960
2644
168
1660
1546
0
1170
952
4347
4597
288
25
3643
0
1194
2494
1156
4364
0
1561
630
595
1920
0
0
5388
0
2391
319
0
2354
2801
810
1906
3915
198
473
880
1887
756
2228
1207
715
0
829
855
1462
1430
0
2366
345
540
760
1675
1247
231
0
5005
60
1421
265
2021
1167
1677
0
2023
2239
3516
421
102
1396
0
2394
3508
132
1753
403
3009
2857
0
960
6
1850
0
2409
784
1294
900
2634
539
1296
538
2842
26
586
1554
1260
160
1208
2021
808
0
1705
1800
0
2427
311
0
3074
0
316
1464
220
693
1669
1860
2335
567
4493
390
104
91
0
3209
833
558
2589
1036
104
1248
854
1088
980
1057
2921
1973
784
0
1480
263
1119
0
210
1643
1296
1166
1778
0
3003
48
0
570
741
0
4085
60
1750
366
34
687
0
369
2554
0
0
1000
2054
4938
1782
1960
294
2642
846
1598
539
330
2001
811
2009
0
0
1018
0
0
926
2362
5793
1417
1108
158
1951
722
4218
1142
1312
1036
892
342
2349
2841
1018
1215
2156
315
1211
2156
0
728
184
752
1943
29
182
34
1514
0
144
2019
0
3443
528
408
0
1576
2448
0
144
3514
713
2021
1211
1123
2967
1338
0
462
920
440
2958
167
3294
1044
704
0
2030
2505
406
829
1334
1122
294
0
1226
0
0
1786
0
462
450
0
1344
783
1460
465
4295
1329
0
336
254
0
4655
645
1851
0
182
1787
300
2012
313
0
2703
1295
0
550
750
2463
0
1498
1904
3839
1271
563
150
98
440
1911
1645
3016
3045
3602
1344
1210
675
1002
2009
732
1020
1212
2778
912
999
506
1527
3229
3127
1118
2487
165
1942
798
1543
817
2224
0
567
570
570
3334
2218
3893
1231
3242
1576
130
1834
4664
2875
280
0
2420
510
1438
1092
495
637
557
2104
0
2156
879
2415
468
1669
654
693
0
0
1188
2751
1462
64
0
483
1466
4206
2865
1648
221
528
694
2673
6400
0
3021
0
1072
4896
2715
437
864
438
2598
2297
0
2253
432
1346
3199
12
44
932
0
0
1694
1404
1485
2070
585
2076
0
476
15
1234
600
1248
393
285
2608
2137
1337
3738
450
1815
1380
1063
945
0
1732
435
0
1558
156
663
0
700
924
1801
1277
0
778
189
962
0
1156
4676
780
2119
2019
1108
324
2251
0
210
725
1072
2977
989
216
888
240
0
1225
575
920
0
1880
1975
886
2967
2441
1094
0
2393
456
193
1866
1922
1122
2777
2063
1575
869
1856
754
633
1356
0
2083
1421
3799
1492
513
924
4140
1299
620
1050
0
440
2642
252
744
3620
646
735
0
692
2136
738
264
1608
680
1749
1225
1513
190
0
1932
1168
4220
57
77
693
0
528
740
2861
910
1134
2386
1551
1160
222
72
2288
2110
729
908
209
0
7060
324
2785
1736
0
1196
0
263
2180
3193
0
3559
616
1448
657
2105
692
1178
187
2145
3538
1374
6083
1786
2595
2971
1494
0
308
78
720
1584
2227
0
0
1373
2706
1038
4661
403
1488
0
213
2025
430
2157
75
1104
2298
420
2157
2838
69
0
936
906
2794
280
1300
360
1420
1064
3014
927
1472
3004
1041
1027
1835
703
1248
1672
1336
2653
0
1887
0
5387
4960
2100
2827
3576
343
0
827
2161
0
126
1056
1621
2762
2968
0
680
301
0
2149
294
342
585
946
3460
1950
1078
0
2266
1302
5589
777
1382
834
735
2821
185
1415
0
242
0
654
1678
40
1955
972
175
220
735
820
1219
248
3012
1608
0
1770
29
1443
4202
1528
2693
1052
839
2200
0
1596
1915
3259
867
186
673
0
0
3282
1231
245
586
2052
0
1336
1600
777
1391
887
1021
649
0
567
2360
1179
2586
1206
1917
2795
667
1015
1029
1670
3081
4
299
1884
2693
2442
1058
2142
559
913
144
2426
0
0
435
62
1416
432
1549
3112
1789
1315
87
2755
264
325
1715
2640
1743
2327
748
1098
2539
1057
594
810
1046
384
1238
156
1260
1035
0
522
0
4486
5087
646
0
2506
363
2456
3442
1367
1779
0
990
1155
0
1893
942
324
1104
1458
392
1306
1433
1384
1326
3535
0
1836
4
1635
2004
2716
3815
846
1676
924
2251
1344
1556
1089
662
0
312
0
362
1737
755
92
306
1344
1868
1415
1192
2305
1128
396
1676
901
0
1092
4228
36
245
1008
0
748
312
1122
1769
273
1926
754
0
4429
587
1776
1419
2628
1819
3260
5490
141
164
1814
36
3547
168
325
0
1421
1502
640
735
1252
3018
1505
964
3848
72
882
3888
2074
0
0
1676
1171
630
1207
4700
143
0
1848
210
1988
255
1806
1855
1338
669
165
392
768
3580
1188
2167
48
1894
270
0
0
2358
768
0
0
1061
665
1428
1411
0
78
990
1617
0
0
259
1102
0
3892
2496
3306
1891
0
2138
34
272
196
1775
1644
66
0
663
1579
2976
335
0
4504
0
666
519
237
353
2782
630
1008
0
17
2686
2379
2282
494
784
2509
2740
2608
1346
0
0
1468
26
1882
256
722
0
195
0
3364
1823
0
2458
210
1218
1344
1584
2264
1120
507
0
13
0
480
2616
2405
1197
704
26
0
6114
1800
1615
0
1912
570
886
0
1213
1167
0
1456
266
4856
4345
0
4473
2033
1688
0
1335
1711
1789
0
1567
2254
0
1286
0
1269
3305
192
378
850
0
792
849
4312
459
2608
0
1292
1749
430
363
1564
472
0
1330
1323
858
100
3394
273
1057
2625
0
2172
0
0
1132
99
92
1056
0
1263
3683
1300
2565
1212
894
1330
0
894
545
1717
1536
1744
0
0
1597
449
2605
2643
1248
1351
1250
2084
1296
515
2324
203
0
1183
2477
32
611
21
200
120
272
1104
2107
289
132
663
0
909
2628
0
2031
0
144
160
1158
1300
468
3921
324
1215
1868
1928
1053
3486
2112
2610
1364
2485
3826
1730
1617
385
598
532
260
2753
384
1648
126
3440
2538
0
3503
294
278
1406
1624
80
2248
1120
930
814
0
147
341
2272
0
3800
522
2476
1346
1156
1059
2848
104
1798
2770
1877
504
1166
1717
42
1073
1614
2040
60
245
1292
0
2688
1457
349
22
468
174
2857
54
1482
2383
802
17
456
945
6435
2139
1364
1366
1548
5324
6005
1446
3826
0
1650
5084
320
629
1486
706
480
3792
1221
1488
546
2050
920
1564
365
2179
0
2550
3234
2161
4531
462
1805
1738
366
222
3198
2352
2440
1744
1502
988
367
2581
0
0
1892
567
0
0
702
3949
0
790
0
0
5016
0
552
0
1884
1719
161
0
527
2752
3403
195
1214
267
1695
709
264
2970
3244
598
1290
0
2112
979
928
96
1648
2653
2016
206
2025
2160
342
0
1251
0
1938
1036
338
2340
464
1525
0
1000
3506
1534
884
132
3216
56
336
2822
0
528
0
0
2332
2178
400
1862
105
702
90
126
0
336
400
923
5498
0
2915
0
2536
1390
1952
3267
33
2815
990
3530
2097
155
612
1287
1762
112
2764
3862
1123
2694
4251
1755
2079
396
1656
2457
3381
1954
268
1654
1012
1043
1488
2203
0
36
2687
0
1767
580
2229
1639
396
0
0
1101
100
2955
0
2347
2065
1218
0
1188
882
798
1730
836
343
1531
1754
76
336
1661
0
429
2064
357
1533
1249
91
3889
0
3721
1470
4431
2632
2664
0
390
0
0
1610
249
756
0
2940
327
1181
1557
0
1656
432
0
3916
1544
0
1652
2380
0
144
294
261
2112
1300
3056
1268
1061
1860
0
1376
280
0
693
2191
1549
2700
0
2512
573
96
2072
1193
1054
650
160
3813
2929
245
3525
2455
3528
0
1895
42
495
0
192
2414
575
868
660
5820
0
126
638
3460
0
1285
1764
150
519
4898
1788
0
3171
1156
2649
216
1034
1007
465
1113
130
1359
722
2407
1936
0
1836
1988
0
1530
999
1239
84
449
3540
3359
0
2214
2162
4185
3279
1302
51
0
1052
0
830
1160
1440
315
590
558
1067
0
988
1058
2208
385
204
239
675
1042
417
5191
642
1628
550
465
179
342
3181
210
266
0
1440
223
98
76
0
432
630
1152
3486
2719
882
858
2554
1147
1288
54
0
3424
1822
955
4125
1067
3469
1435
2313
1296
2317
1215
616
1672
1058
294
0
984
67
559
3127
1209
1363
4029
510
1887
1234
1969
1536
198
770
0
43
1155
845
483
608
714
0
544
234
0
1911
1186
1089
0
0
1814
4298
1262
2180
1920
206
2004
0
0
792
39
0
3120
763
0
2511
1158
2515
0
272
225
1276
504
1935
0
3732
2685
1115
701
2572
0
864
1760
216
524
467
0
3088
1016
756
0
713
46
2180
0
1684
1186
1868
916
642
1402
796
105
0
1064
1644
0
3617
1559
2328
1299
198
811
4078
2316
1784
1694
1048
323
0
1421
644
0
1247
98
1502
0
480
3953
0
2193
0
2026
2076
1022
98
50
1626
2058
651
608
1048
63
2238
68
957
130
58
900
720
4431
1556
1160
0
3172
357
2631
0
0
570
1509
150
934
1092
697
0
0
0
0
251
2245
0
2344
4003
2695
1623
1042
2321
2134
768
144
1655
1092
1140
0
0
0
208
0
1314
1171
1440
801
1344
1462
987
0
2805
2092
1248
0
260
1841
9
1673
4759
484
938
4808
825
1470
0
1585
1159
1792
672
1851
2198
1000
1401
3173
245
1967
1046
762
0
1160
0
144
1216
2571
2460
1517
2714
1207
161
2548
175
414
540
930
1607
0
440
1005
284
0
1962
3440
342
1748
3496
120
769
1123
1683
544
1680
871
1390
624
0
2622
3741
300
0
1338
2776
840
3967
2381
812
1561
735
384
1088
1470
736
221
1378
2177
119
2040
2638
2010
551
766
1426
3851
440
1216
2499
1148
1624
1922
3222
605
874
2107
506
1120
0
1860
2181
6257
2738
432
3196
672
1773
1025
1243
2615
3404
3134
1488
1777
1086
88
1180
1786
736
0
1413
234
881
1714
240
1485
1040
2955
0
0
1578
1622
160
250
891
795
1793
0
2019
4339
1436
1610
646
0
0
526
90
996
3572
3078
1014
443
3499
3411
1046
130
0
108
90
1376
3104
3401
2494
153
0
606
1020
2835
1824
433
1634
0
1978
2397
182
1187
793
308
2840
1921
0
3194
2461
442
588
703
2957
982
980
759
927
1333
1572
560
2395
0
0
2017
1394
822
912
438
5119
2708
1518
84
741
0
3269
770
5
154
0
1259
776
1200
2700
720
204
1968
0
907
1077
1862
4708
0
3024
151
318
688
1996
288
1432
0
766
1360
300
0
1315
2272
1717
0
910
876
0
488
2879
2841
440
4372
1392
0
1554
1019
520
1445
3190
1530
4067
840
720
5262
3722
1402
468
1365
1578
1429
1622
3111
160
2845
1928
864
1630
1082
3497
2407
1190
1089
0
1242
0
0
1764
0
0
224
532
2652
4381
462
0
577
2451
3372
682
1097
4550
245
78
2088
131
973
2090
0
1930
835
147
0
1305
1428
3176
1396
0
762
966
539
68
2450
1514
1337
817
1722
2156
3528
0
0
180
0
453
2523
5931
650
504
3054
0
1880
698
1713
953
2094
0
442
2654
380
64
1056
944
1161
1050
1696
0
0
52
1884
4478
1875
3120
1330
2212
594
576
3006
0
2210
274
1150
1475
1235
2233
3566
0
2098
2233
105
2440
1440
1222
1248
4963
465
2921
1282
3424
2074
160
644
1330
0
18
1506
3207
3908
0
1200
328
1960
5103
51
1320
3174
288
2453
0
1617
1040
1961
2479
1828
984
1779
1481
2160
174
1548
1174
1710
929
1238
1077
1981
132
986
192
480
120
1380
18
936
2143
3358
147
1056
2556
546
0
1247
1024
1672
0
1869
854
32
160
960
0
1659
567
2240
301
1761
420
406
2226
462
1442
0
1421
1335
1806
1925
964
1984
0
2831
1873
736
532
915
75
406
272
1264
3782
839
2356
0
2351
2248
0
2376
2091
132
0
0
882
32
363
210
176
2252
2743
243
0
420
409
0
2191
782
1548
3608
420
1555
528
3109
467
0
2259
1188
2477
4276
126
465
2645
2733
862
657
916
3471
1590
0
1698
759
789
1680
0
875
46
0
1896
681
3210
506
3306
2554
306
2629
280
0
1507
3111
2644
135
280
1342
1582
377
6657
658
1884
1517
4159
795
1514
0
3755
2995
234
490
1927
941
2256
3618
0
2551
0
804
3332
495
274
956
2039
208
115
1815
945
264
597
1388
1238
5337
1916
7
3531
0
2960
2070
3926
1102
3396
460
1056
522
0
836
1732
582
3942
1497
2632
2626
484
874
882
2728
1256
805
671
3097
230
1203
1260
490
1719
1392
468
1131
2509
519
2207
869
510
0
0
2082
294
703
455
0
2838
976
1014
2984
2293
2800
1168
1816
5678
1176
64
1961
60
234
1763
1617
909
721
1426
321
1800
0
1784
1240
0
809
1525
576
1419
924
0
2919
948
1819
2966
0
1247
6346
704
945
1700
377
91
408
648
1857
0
90
7533
0
2729
270
0
0
2366
0
2446
1798
2216
0
168
910
2088
806
2052
688
210
1935
3432
3428
2243
832
3635
945
2345
400
82
2284
130
0
3025
2144
0
420
1558
1121
570
480
0
2009
2178
1807
1921
1527
1548
1261
117
1376
660
176
1536
2268
152
4504
1898
1532
1400
5876
1912
15
2228
1295
7028
2208
3394
1400
1430
405
429
799
1695
2244
3295
1124
0
4823
0
2096
1107
721
2306
0
435
2788
0
1640
913
1446
2457
481
391
688
992
6220
902
266
4119
0
180
2000
168
563
21
821
2684
1132
1984
992
920
3086
2160
1693
2838
1080
590
0
219
1790
3973
1400
2336
0
1618
1367
316
1152
3735
2850
0
0
0
300
0
440
3794
1394
3225
0
0
2581
1780
1248
980
630
546
3950
1402
1176
1248
647
386
0
1288
208
243
215
2407
1346
1735
0
2960
1681
217
1634
1934
0
784
0
0
922
2033
1204
1218
0
504
688
0
0
150
1492
612
3871
1734
2206
14
0
1105
1305
2922
210
3117
3855
3889
3764
2534
1260
1010
3598
420
2
0
1893
522
1610
1074
3628
312
1435
0
301
7
2621
1628
2529
696
3422
1526
363
1485
384
902
1873
815
0
1723
1868
1029
2352
0
1895
336
0
0
140
790
1769
4698
3194
2133
957
1690
175
1370
981
462
406
336
0
2869
657
2513
378
0
1339
1862
0
1409
1766
1287
1635
0
384
2348
0
3424
0
1655
1722
420
2470
486
3784
2819
2804
0
221
2177
1646
872
666
4507
1932
822
2259
2109
1196
5126
854
3235
462
1752
891
632
735
0
920
754
3945
0
364
363
2058
644
4015
175
2150
0
0
943
0
60
2012
0
1267
24
0
1824
1179
195
1302
294
236
2865
120
2767
3065
2333
495
0
2278
3974
2296
1078
1770
0
1334
2420
1641
1798
2058
1728
441
1340
2289
858
132
36
1831
783
1681
288
934
1248
672
200
1393
182
575
3
1137
0
2053
1085
322
1597
31
2319
0
946
2700
385
217
1744
32
0
511
2932
1119
2744
3072
835
735
0
1876
308
3062
2794
2908
945
587
50
2057
2195
1029
1301
325
726
1937
1822
992
1115
2946
372
2140
2605
2110
522
848
1736
348
0
2691
1508
3367
4031
0
0
4188
3513
942
2608
3444
1092
3340
1075
3310
292
779
856
1748
816
1744
1566
1062
852
0
2663
308
1699
886
225
1589
520
1277
1196
266
0
576
1188
1672
1321
779
1510
0
1191
3901
3963
3205
3625
1872
702
1591
126
657
1518
1200
1059
5050
5305
1077
0
1582
1624
1875
1435
3992
3236
736
182
418
1480
1081
1780
958
0
1998
2071
1062
2907
0
1747
4810
420
5753
892
667
1575
1366
1486
352
510
784
701
500
1710
2352
729
3024
1474
0
2303
1203
1811
1559
3469
2880
2118
1834
0
722
674
0
3947
2272
1624
1726
1487
2332
2118
840
358
1920
1539
509
1014
2260
450
432
2315
416
80
1112
1339
1302
1852
5206
1635
0
165
403
609
1353
591
1223
0
598
1246
2849
1472
21
1558
711
1175
440
134
0
1638
756
234
773
8
217
192
1131
57
4289
0
1875
2806
0
2401
1408
0
1584
104
2003
1654
260
1084
517
2226
688
0
2891
440
0
2409
3188
1220
1320
1216
322
640
3469
0
783
3037
0
0
0
0
0
1396
702
720
449
536
0
0
0
1849
198
2831
738
3267
850
186
1513
779
290
3509
450
2074
152
4186
2014
396
929
243
0
2666
2192
2966
0
1315
286
930
0
4259
1330
774
0
1421
446
0
840
391
2634
1862
684
0
1766
1261
648
1456
0
968
1960
315
4405
2112
749
114
210
2902
1189
770
882
2349
97
988
1244
2391
638
1320
335
1560
560
1022
5173
1015
2883
1568
522
547
1320
26
679
1764
793
1229
1261
3153
976
2205
1744
713
572
528
2515
1140
0
1549
0
3039
2258
2511
668
302
1846
2302
432
802
998
1478
651
2932
5197
3230
747
2707
1358
1314
0
2549
1588
442
441
3460
1718
280
1746
3714
0
1421
1113
2711
3878
110
2658
1617
157
1570
997
565
782
924
787
1988
374
559
0
252
1216
850
1846
0
890
1898
2640
2117
975
3747
935
1216
726
290
2906
288
2637
620
1625
1254
588
20
0
968
310
2100
2975
459
1906
1001
1874
0
448
2043
1940
123
3484
3260
1904
559
1172
814
0
2084
560
735
705
0
1049
651
1830
703
2396
1794
2219
60
4143
2849
0
98
0
107
1400
0
0
1368
360
1544
1241
585
951
140
1470
210
1008
1472
0
1436
0
0
1170
609
0
2497
598
39
892
2507
1040
1677
1687
1478
1011
108
2452
2256
725
1789
1635
616
4010
1638
980
2053
0
387
633
1083
0
1407
1422
6607
0
350
198
1939
3378
1262
336
208
333
78
1770
324
0
1333
1444
0
624
0
2246
0
4392
941
368
0
3131
3184
3055
448
600
344
594
1242
496
3044
1536
2928
276
143
84
939
75
0
5706
1044
10
0
576
3365
258
110
0
0
331
1433
1357
0
735
1131
3034
0
0
39
1800
490
1416
650
1867
2950
899
0
1090
453
1134
1690
4151
1395
2301
0
1421
531
1419
2178
3840
410
119
1825
4857
1051
0
0
840
1195
341
468
1780
1186
0
983
293
2415
1439
1604
995
1798
1494
0
1692
2351
2138
2301
3928
1977
1553
0
2476
1941
250
2107
0
2250
711
2109
638
31
0
2092
665
2849
3669
1091
1770
1480
1911
405
1427
16
0
338
2262
0
581
832
22
798
576
635
56
828
70
1519
646
0
1808
1155
251
972
744
0
112
266
510
2163
1099
0
764
1644
850
210
60
3298
2518
1245
1119
2646
2713
0
1538
2765
1339
2053
1443
195
2924
1120
0
0
1911
2303
3709
558
987
450
234
1581
3685
1596
912
665
2753
1871
0
320
1270
2603
1000
1623
1188
0
1664
5832
1420
1610
1130
273
2787
3567
3016
1287
1046
0
0
584
3283
2201
1512
1290
783
0
3814
2690
162
1568
1517
3109
3099
455
0
1864
924
3012
5283
1464
395
840
275
367
0
0
296
3005
273
1662
1118
4161
2001
1353
778
1984
384
1576
2042
42
1266
864
1768
2568
0
4009
1192
2348
234
2330
1138
0
2058
1115
858
2124
0
576
400
1942
426
1144
4322
3120
2547
1898
2330
250
1260
559
1034
160
3234
728
2286
277
2497
798
1233
1975
656
266
1572
268
3171
438
886
0
473
655
1056
1792
1760
1597
880
559
3649
1660
1142
1730
0
1068
0
1499
2006
1272
6548
1736
1178
631
1547
384
1006
0
2162
920
5131
222
435
374
0
2156
1404
2838
1300
102
645
136
1088
1872
1269
1742
3136
2049
1056
448
368
2250
580
1734
1224
1618
0
266
4574
1298
1644
685
672
0
2081
3626
0
1402
525
1989
1213
1388
195
0
1597
1390
792
425
802
156
723
1163
1500
0
0
545
369
986
483
1305
760
520
40
3292
0
0
870
2834
390
1043
1748
1651
402
2241
2043
567
1171
0
234
315
2256
336
39
3048
1617
2356
306
1536
736
1833
882
1949
294
3821
294
1180
2013
1075
465
638
679
2322
1941
1175
2951
336
0
0
1842
1880
315
400
684
2353
648
0
346
200
594
5768
3945
4241
769
1139
715
840
1568
1923
0
2142
810
1521
39
1840
2053
288
0
4470
5550
665
1787
0
1711
396
2791
945
1719
231
2051
1562
0
493
1155
2629
1197
1361
0
2569
3547
832
466
516
3609
774
1750
2866
1034
252
503
1715
2352
972
1305
418
1288
0
3174
37
684
3382
1666
660
1979
1247
1894
200
1231
0
1669
1708
2112
4185
1518
4614
0
710
102
1794
832
1191
2079
2039
304
231
0
3178
1731
1034
1182
1040
1419
2629
741
84
1232
1247
0
1655
1200
510
2465
0
1147
1159
350
2871
444
1606
966
0
546
1056
1364
0
2688
4799
1443
0
4339
476
1132
2578
442
1316
262
1008
0
5744
653
0
429
0
640
59
382
726
2021
874
0
2902
1444
2243
2352
3053
721
35
371
1450
5229
1122
804
192
1512
291
2957
3101
72
1133
0
0
42
2112
3623
1766
168
581
1916
246
704
1604
1140
0
3056
1794
0
2422
696
0
528
2596
1894
591
837
0
0
2542
1353
992
2047
2200
675
949
91
0
0
413
1416
0
1809
100
1787
977
3647
849
0
3596
1653
44
182
984
3251
3064
1253
703
1316
2880
1739
1029
556
3187
1461
1121
1344
570
387
690
4767
1191
273
2540
1391
1086
1803
1012
0
1289
2451
247
1122
812
1089
936
1671
3200
0
174
2029
0
1926
798
2284
0
231
608
2060
4349
3040
680
2376
1545
396
0
2990
138
1448
456
0
1960
3135
2338
294
285
2000
2740
2110
3743
0
1160
3014
3352
533
0
2688
364
199
3027
0
1246
792
2003
1645
1027
240
0
3346
2326
1812
1584
3053
96
2867
2496
0
686
552
5
4847
2158
2186
999
1768
21
3982
336
3455
0
1844
928
2084
1827
376
1325
285
0
2480
2834
5571
819
2522
1715
1141
708
396
1717
175
552
686
0
4218
1142
0
1363
2822
708
2206
312
29
283
1610
1285
406
238
1344
391
2368
2049
1155
231
2425
1360
0
423
1317
0
76
6644
1334
1032
570
244
525
344
2374
3629
2528
153
108
1801
1987
78
1185
0
65
0
2812
522
2823
756
0
1254
957
0
268
504
376
0
1845
0
4845
1509
1744
2992
2828
0
680
520
2611
0
84
1180
713
159
658
795
0
78
3067
327
1134
1500
1851
0
480
0
135
2133
4515
2328
0
2135
3619
2070
947
490
297
330
1813
1251
48
3932
2325
2472
357
1992
4461
1213
1760
1485
1699
680
420
2286
799
1490
1383
1911
1875
30
765
608
1587
1386
0
264
2484
2902
3180
381
810
0
308
508
0
537
808
827
0
1527
1925
1838
2040
0
4423
358
2964
1935
0
3177
294
1003
120
0
1886
910
2252
859
135
657
3715
400
336
360
1155
470
54
1215
338
2984
319
938
1124
0
368
4543
4054
3824
2078
1859
1434
3464
2953
924
39
0
1786
0
700
2280
340
420
221
1162
1221
2510
1932
1794
76
63
539
1776
702
2457
100
297
2634
1767
2926
228
1276
0
2084
1727
578
3360
3284
1633
2879
378
135
1916
2156
496
4905
658
236
1647
3839
1744
495
775
0
912
0
172
0
0
1828
446
728
512
1008
352
2607
0
0
0
2614
0
1062
215
660
120
720
216
317
1741
1496
2215
861
676
494
403
3443
1563
987
663
2016
3575
2467
3109
1376
450
12
408
816
3579
520
752
279
1933
2145
1728
3046
756
2461
600
144
2778
0
0
2453
116
828
798
1584
1679
0
1212
1044
1652
924
0
420
3043
36
1740
1328
836
1220
1626
640
2785
338
962
720
2408
2509
117
2389
2223
1926
23
934
3567
3017
0
1040
1856
0
927
1995
2864
1799
580
0
648
820
4302
1240
1570
608
1014
923
3905
42
5315
2299
728
1167
3158
3599
576
2072
1180
2087
2695
1217
2959
1276
1479
1329
1589
158
532
1244
195
712
1795
1794
1064
1257
1100
40
391
3640
2319
1348
30
2180
726
0
172
6608
0
0
66
442
0
0
1469
240
714
3234
2293
0
288
0
2465
1107
0
3570
6366
2765
0
4905
1782
169
0
0
375
288
1912
0
1387
0
1363
1368
312
1540
285
495
1347
1224
0
2009
3480
2137
782
897
906
1100
0
516
150
3059
324
0
56
425
2794
720
1894
0
1520
0
390
944
784
1256
406
1448
1428
988
493
1680
192
1078
690
3328
2284
480
2799
12
0
1291
1864
1269
300
812
720
1308
240
52
0
228
2080
761
1966
882
1889
812
2638
2473
1100
1809
4340
885
1078
2539
0
282
1800
1612
8165
1800
5167
1504
3011
345
315
210
2950
2379
1287
263
0
306
1766
24
0
2499
1196
0
1333
76
2963
1040
991
1672
2230
2665
1287
1621
930
324
675
315
1602
2189
0
435
588
0
816
1886
0
0
2092
405
3180
217
2360
4795
1055
1353
1116
960
160
1366
129
675
696
1806
0
1368
183
0
980
