

6528 8266 1244 4507 8018 8492 1931 2952 1196 3806 4410 
4229 6269 1014 6556 9456 4005 8107 4122 4383 5220 307 
3995 6199 2748 983 204 2750 9925 3 6685 6536 3101 
4298 488 6238 764 1255 1214 46 7101 7086 5648 2395 
8836 5280 5415 3812 4957 4749 7392 1299 5602 3940 8264 
3228 1894 6518 4303 149 3002 4297 3916 2948 6060 2120 
7437 2371 6460 5080 8633 3601 2108 7253 6437 4451 2980 
8731 9647 2504 319 1632 7018 3866 5318 1278 6070 4575 
7127 3583 3947 2399 7858 6209 9682 8017 1215 1925 2192 
6734 4511 6243 9728 4583 1101 4535 6540 2769 4449 7016 
4808 1982 7249 4647 11 1320 3828 3684 9754 6519 7493 
8916 867 5618 1760 2206 6883 7890 7676 127 7812 3249 
2549 8333 4455 4866 3476 3689 6058 250 9566 8877 9398 
523 7126 4101 1591 8914 4688 7643 3129 9110 5939 1194 
5547 609 9785 884 6371 9324 6950 8525 3742 4002 1747 
186 1058 7350 2934 6445 7746 3601 7424 4430 652 6147 
8322 96 5939 619 6701 5942 8917 6306 6053 54 920 
4737 3744 3928 2933 6979 1473 2909 5761 7444 7692 8349 
9636 3193 7493 4329 4776 3034 938 6959 9888 1578 5769 
8315 738 183 7567 4986 1139 5757 9119 2746 6061 6789 
9131 9726 8223 2442 4385 5902 1457 7756 8869 362 1699 
7496 8167 7439 5889 2217 609 6642 2997 9011 9040 2650 
3561 2363 2924 1386 4519 5627 6965 5916 5487 7473 5548 
9833 6100 5606 256 

456528 878266 381244 484507 688018 228492 
511931 292952 311196 333806 124410 724229 
976269 721014 106556 909456 612005 618107 
104122 604383 755220 140307 23995 276199 
822748 180983 400204 182750 989925 320003 
966685 86536 403101 334298 970488 776238 
397321 1255 101214 46 597101 857086 
515648 52395 938836 85280 875415 523812 
264957 614749 487392 51299 645602 513940 
118264 673228 561894 306518 284303 280149 
463002 784297 843916 52948 406060 22120 
877437 552371 123052 195080 808633 113601 
2108 267253 636437 924451 192980 488731 
99647 582504 270319 101632 897018 503866 
855318 931278 646070 934575 637127 193583 
983947 382399 977858 776209 769682 8017 
991215 316873 732192 946734 14511 436243 
749728 994583 791101 124535 726540 862769 
464449 707016 404808 541982 227249 944647 
250011 481320 233828 83684 319754 866519 
517493 578916 510867 955618 751760 962206 
586883 237890 547676 20127 557812 553249 
812549 428333 644455 634866 533476 3689 
856058 340250 839566 348877 779398 523 
107126 334101 621591 948914 354688 467643 
813129 199110 115939 631194 15547 60609 
689785 800884 536371 729324 846950 668239 
193742 594002 451747 280186 81058 427350 
72934 46445 397746 53601 237424 724430 
160652 596147 638322 110096 895939 710619 
916701 965942 278917 106306 586053 480054 
640920 264737 453744 303928 962933 296979 
601473 342909 285761 37444 117692 488349 
209636 133193 877493 484329 504776 713034 
350938 966959 339888 151578 215769 428315 
370738 590183 307567 764986 461139 55757 
239119 102746 736061 646789 289131 339726 
48223 632442 804385 45902 231457 277756 
428869 930362 221699 984205 668167 677439 
655889 312217 20609 306642 732997 259011 
979040 442650 253561 142363 842924 761386 
784519 115627 806965 15916 975487 767473 
835548 959833 796100 925606 788603 223140 
339395 280701 491890 930807 455633 145895 
624079 156308 591520 136659 142553 114142 
888734 242740 866169 877297 177451 54394 
200582 271979 489780 9314 472299 4878 
223985 249257 629751 980670 306551 603996 
870913 787556 394746 741579 695798 789109 
59235 217563 251777 696077 866378 481275 
9237 710581 25681 110639 770586 615684 
412124 77640 399346 880289 295024 45428 
630374 625318 437863 419953 624882 104416 
687565 931869 846185 742259 856859 676970 
379718 543642 958030 642093 798289 877389 
211234 40981 119083 881979 659824 269048 
739190 695222 839649 231241 587491 357487 
521230 410150 803673 128022 311734 565646 
435007 549859 157467 759984 484838 400563 
594105 643038 657814 1354 315236 669153 
975539 163255 27517 494118 516876 643733 
293520 873685 789889 318893 43981 921474 
375822 981433 325601 204028 549560 770500 
314545 534787 432338 33133 432371 331352 
429484 173642 152552 805868 150297 101800 
683066 162682 32284 593457 370990 209840 
537647 644135 744133 231368 770287 174540 
66869 398518 947687 184932 399039 455610 
357431 551634 536557 278677 282336 545823 
238698 459672 611183 922330 594621 671063 
937156 63065 907300 961789 849983 765981 
322953 730105 81350 981460 952291 484951 
286772 385463 408428 194345 713569 281940 
673338 944931 55178 300518 638141 514183 
298781 548384 143508 410933 934052 843849 
904268 599972 803467 829376 494261 216750 
189967 599521 981347 441029 840069 45632 
44286 963523 158405 768722 46918 734496 
128177 457580 139688 193149 721509 122915 
766133 839197 524157 26322 411781 739443 
192061 569849 413095 50581 289185 784258 
796483 663952 29954 383008 806671 757206 
474274 289808 775978 5139 522964 659329 
448472 578142 895499 770704 62427 138122 
558525 332716 768234 617499 375283 798169 
312337 598101 541616 701264 309348 637744 
30523 798083 209825 294185 215371 991741 
71457 273394 290639 575592 230843 641034 
984151 591209 850742 250279 943906 551078 
304104 779919 884613 159271 342255 87429 
948852 366106 417995 682977 918896 456368 
618775 369017 873101 90214 123874 639739 
905695 554078 762670 363741 450689 350059 
513988 817771 731073 929580 52850 702207 
952747 227343 176611 446863 989488 906999 
516121 985248 277747 403896 288969 135769 
816753 468223 915539 601714 760330 262031 
949212 905803 531824 88486 424138 552153 
484779 978174 504091 833723 895110 589039 
708194 494955 779802 33265 174688 227727 
174964 538048 30011 712431 927142 336536 
634141 15170 555431 499104 406892 855457 
975335 824419 283489 655261 581172 820089 
582727 108204 49474 423364 313874 346174 
362714 506838 894618 865710 178594 177456 
497138 893652 527045 27365 434793 83063 
926910 524510 502749 275167 76358 951478 
100727 796873 27288 281669 317894 854132 
697565 238651 49147 767001 310394 985378 
194047 690871 113010 201861 736493 746124 
580088 473135 286895 469856 37269 722572 
354232 164218 978418 572461 404891 246838 
451779 263271 157575 465327 505744 258906 
767968 986774 321441 450511 384250 125540 
150214 968059 113076 92332 305664 317729 
885935 598217 196944 235155 142442 395191 
939033 574360 750907 81982 226548 758825 
749868 208841 662736 419798 129264 317973 
95748 702278 44801 597125 514035 370075 
109143 359250 616603 953460 362182 866463 
213690 408204 474165 554986 126749 284223 
929846 782431 229638 626413 388615 953159 
77177 975415 507684 10461 994787 709735 
349319 901377 430120 606316 532350 285254 
805512 976322 662566 869734 450028 776944 
803465 481237 939219 452011 405650 123890 
646996 218392 898857 684634 570831 637487 
331183 913431 645300 984187 122967 38070 
603951 205310 857183 407862 200623 199601 
457962 679004 906962 605096 618428 416228 
498671 402964 143249 413458 941503 544547 
769562 64230 254312 759042 452437 142125 
826024 315842 219528 656756 895770 955032 
939481 463064 929320 780862 310669 891129 
589966 853816 97947 893645 701062 724657 
617900 661904 762262 338308 332210 157913 
995058 318998 881442 729288 862735 298720 
802127 555676 459653 685834 937957 489441 
636703 484275 73278 382278 112387 757517 
79396 784845 962680 902054 347428 901211 
776473 165249 594379 654831 741269 396962 
539776 385455 796512 577065 89341 811294 
968250 621590 407660 422059 122266 681323 
91418 575330 950775 443247 378202 945541 
681266 439054 777401 564150 844131 500638 
690649 485963 691838 544508 614892 240132 
833250 715029 673551 671704 485246 1921 
759232 420331 299424 858441 8062 944861 
999643 675017 904700 48508 930133 562289 
631105 120985 986923 568229 944031 808248 
707457 145476 633677 495073 685417 532422 
596131 890451 230766 822911 87474 54552 
8959 760640 763262 435252 819827 418077 
215002 425911 962109 398152 547038 447922 
136621 524700 358470 480198 257120 412662 
98602 405912 81350 101118 504854 191776 
859598 181316 702341 533025 801072 229188 
187839 998771 239510 188876 925260 999228 
118440 865845 50451 48317 896115 345164 
166100 470472 725365 345173 78975 843152 
886023 934693 106863 547609 785895 967982 
70470 518222 484001 742552 3365 762353 
787482 963658 842504 803884 450041 168775 
903677 574727 282675 196789 562943 923763 
352369 307066 863731 882499 515679 127359 
991230 753658 374227 492694 404865 409599 
718168 260408 649010 879021 486039 162727 
814552 951367 754145 82994 237027 386441 
575067 236311 384613 594073 159367 506882 
453553 113180 957995 651444 126351 11365 
790752 687679 593816 683785 504440 659053 
338420 690062 635085 541121 622382 285442 
125474 804949 878577 911719 738041 135586 
337762 956492 831857 479966 424857 865655 
451224 673344 198716 846270 530773 633055 
451834 813685 142763 943800 815906 970689 
200299 635023 556189 288139 453305 533804 
216782 85712 111160 947718 163717 903510 
578965 236158 932698 682937 641133 907202 
425132 412196 364764 302226 248182 714395 
957411 385631 12810 360116 850549 300175 
80174 645926 39070 586014 969296 835001 
226257 922910 876774 55965 581644 639711 
20390 63319 522154 452393 795615 56854 
327301 831206 351475 162788 577349 750493 
687089 95032 872010 624153 483731 609384 
597042 347304 359953 931771 61959 868095 
699167 818780 925640 33467 327242 77291 
560658 135938 503211 861550 580651 801352 
427973 472613 248811 594605 554113 978875 
592200 997124 907779 967832 65852 766703 
486120 533459 424917 329126 554207 630021 
107481 462358 206369 175993 481811 198118 
261262 140735 563902 336980 985893 363616 
39501 172350 826016 892523 577237 895229 
383530 664814 92376 392492 425598 576705 
664687 28422 615837 950204 613779 54957 
118379 661448 56904 267783 793191 895059 
759462 585923 617733 971101 360581 711482 
908970 102192 719684 728816 891012 631148 
571894 899769 371331 214272 133674 903928 
540919 934453 971926 804227 153927 288932 
959072 677666 751435 497736 537352 798199 
352647 569966 497844 587575 648453 429641 
951641 803478 467534 687906 965636 818369 
413764 452076 535875 926789 593823 8501 
852850 788621 145154 140729 275557 474568 
294073 30737 809007 818281 469586 325832 
20621 57864 491221 31438 996978 244134 
444129 84614 957488 673933 784612 31098 
908864 329174 636854 653550 169518 48453 
312979 897618 851236 82830 536499 91601 
641105 663483 53640 179846 986869 458725 
252563 457614 994124 951967 381667 928248 
604884 781235 315244 142489 385917 345348 
57280 851069 873389 136274 358444 368440 
219756 98076 702002 70234 388019 616544 
183454 420672 184652 723454 315783 213511 
53093 311803 945764 53724 847671 777633 
956872 771567 918094 539651 599163 801734 
358580 409501 802871 730990 24574 830682 
228284 532940 428786 243568 782864 969617 
987283 877159 112535 511691 44492 319735 
358922 742809 969077 508366 382103 707191 
995908 766192 382805 543927 397651 691193 
322082 679825 21449 958398 365340 42065 
290600 120210 3512 520558 327667 835876 
513858 318331 469178 914949 211057 30135 
440387 241480 262566 553855 518999 630915 
727041 595939 167526 255025 937952 320277 
149335 736505 836278 662845 610032 129290 
234307 897002 978271 94813 963957 830372 
845603 372380 605467 803869 460250 901345 
154114 591685 307559 632471 87918 876285 
166079 64381 494262 174947 832017 877961 
459261 257420 86672 239145 214089 664784 
182238 685476 9793 358270 596054 614623 
418055 636784 731446 833404 969904 389114 
582632 23325 279324 113212 854763 226630 
967543 613911 183202 824161 751819 888252 
473081 417946 358079 275424 741808 472362 
780719 456588 277062 498610 146921 290128 
920514 915325 721090 713687 241824 486504 
898964 218390 965783 318046 20373 6303 
148035 257851 100628 671826 250676 603218 
678802 936946 319699 580170 784378 525653 
171755 236771 174846 404917 502555 713942 
477136 981797 786327 565147 933114 318237 
805014 645636 293787 148342 175452 843591 
804671 831281 749348 472729 559193 311089 
713897 747381 567199 517961 54673 74619 
132034 550768 636407 139766 744265 633489 
533267 268022 927625 832639 603336 541084 
87299 416326 271563 381748 786458 456157 
46955 502524 607919 113911 733760 432067 
999899 599864 955316 129581 854152 118853 
948137 971923 339565 296756 149894 398663 
403940 290339 840737 958517 951849 873892 
629898 525925 999857 867670 722418 606492 
331748 74511 968375 423586 358329 655285 
441357 620959 703149 957548 262794 788767 
17632 446889 870414 983093 499212 235173 
836428 785467 345442 590510 964282 677175 
772739 803351 842449 618841 592280 952592 
380161 787232 76238 36560 969973 159709 
965041 167918 411454 174672 485092 115472 
459422 951406 600634 152506 409716 979844 
777845 853768 414207 546293 110681 513719 
63888 900575 820651 372957 724881 488796 
984075 923833 12331 937061 926507 513061 
427033 960528 359723 594344 182407 733242 
518675 334120 997030 497535 418924 317884 
705679 340710 613499 839072 196369 847962 
98779 826497 947993 893075 951286 772985 
105085 72340 516064 285589 85029 654349 
682128 928721 921750 246752 64251 529893 
790044 879168 445838 4216 196692 613174 
60808 838003 969491 733950 772787 496561 
154614 846414 84413 144850 801607 363766 
309303 467247 362249 197858 864297 130279 
630625 51773 514895 834200 783969 224432 
189813 229866 968177 834632 398762 504325 
632796 18102 537764 403298 752565 595439 
618544 928191 434468 700532 325907 1260 
585552 123052 553667 410435 714026 754221 
313467 849717 676436 185817 980159 177470 
758253 250149 125612 171834 727611 160053 
959419 311506 49651 830947 579922 923855 
287335 977951 238342 545615 64013 756848 
946418 174228 972519 225945 245037 232826 
841748 269526 637290 126017 223987 924806 
759921 461640 833456 237986 593590 718683 
604524 744875 282899 597411 388941 9634 
409447 104252 642015 258929 946762 595492 
16165 614247 388524 349198 470593 245793 
496777 807126 209979 550596 844042 9488 
756529 284710 101564 818489 878492 882828 
261925 467599 672890 734286 322568 946620 
931485 396439 766327 427246 496528 121545 
386896 798466 464417 974013 11093 296734 
214416 871208 886124 364446 593298 732569 
339759 759909 944322 589022 406577 772246 
662629 441799 986191 52635 357080 329922 
218990 978658 582553 854757 673686 739048 
183342 394251 685482 836717 457525 173653 
923075 963847 263945 247890 14505 959699 
813774 840185 374829 225734 165594 358035 
998566 697057 780096 717557 929414 600515 
910394 42859 725272 288472 657010 174001 
422808 341552 284077 778075 207278 373418 
271317 218644 246985 664335 734369 94595 
975189 322619 234723 373641 777432 437621 
3246 309607 106670 801184 639073 214205 
244383 803531 791893 657069 828890 159779 
873439 771870 134161 686152 138178 687132 
199536 731452 48628 432541 331898 986040 
302795 80351 404675 319833 497860 791660 
133892 321655 295600 572991 446494 739478 
158780 495041 863790 547574 127387 841388 
926281 629573 331730 328273 832468 378293 
776543 754868 264643 293352 861639 408789 
363436 26054 29755 426762 826951 155377 
951334 51847 674116 143248 261014 726720 
81865 465160 498244 163877 172743 673609 
101441 890188 677560 776452 732352 765677 
770743 12538 283578 773638 75707 658608 
833409 973343 759729 146623 819109 869672 
294070 633224 223037 597310 603950 939908 
241939 336972 400452 997305 656686 48206 
821822 228872 917180 112561 832251 974563 
513692 95703 980940 318365 747718 300022 
436653 587610 296280 638304 578847 673445 
382077 747805 639715 289056 262780 335156 
658964 364566 457435 901769 206690 42093 
556525 5920 4263 465975 236159 284800 
447719 273255 780123 63090 589929 391200 
378743 889705 101612 670249 558525 517307 
293960 114685 388728 483469 643555 584064 
300824 544910 686924 936011 858786 811994 
706551 562472 867191 450238 226517 299033 
120638 365851 366032 742355 180849 688611 
616800 495816 377089 252801 455181 232098 
478951 91669 965505 773323 319816 771997 
775881 288105 758916 425967 255464 85415 
542620 685538 380696 587119 958717 47245 
190110 409588 455917 308775 116232 41259 
546769 740173 862534 340505 486296 620515 
468323 965255 460424 594898 232030 396563 
375267 516079 754921 539361 273909 927803 
902909 740782 750781 718279 782168 517 
112502 66224 134164 424010 5889 873544 
754917 339187 347312 390293 601135 472663 
166641 97651 417026 894878 538773 378772 
861555 185881 501244 50600 364312 740523 
26719 702872 545119 289252 813242 957227 
353291 154094 247380 804492 158413 289760 
236076 346531 870587 975600 134210 932575 
297711 14341 648127 710101 974719 4971 
923329 897794 23508 942240 88327 596012 
468777 869835 634806 956711 263842 913804 
972102 8756 36294 425774 386508 959364 
170395 977849 449764 614170 689821 53541 
707130 168206 807898 682729 408437 372781 
551085 683504 247298 126142 604821 473837 
820984 100320 322673 792197 578925 355343 
930970 242411 821589 250757 903133 502474 
319441 296637 296787 129435 560796 143314 
412639 256790 684493 786054 473412 666949 
562953 552543 488289 761395 589897 272876 
762953 171716 550980 629734 494979 403358 
415417 862577 665243 698629 276315 963522 
226211 225477 841496 815258 788105 479560 
342984 799408 388054 952775 410607 510892 
248001 979101 875951 466000 470894 116087 
306445 569905 588486 913320 518301 729699 
734323 839577 686285 85556 575800 321246 
253644 317390 372076 93347 221013 339328 
485649 577861 603612 185814 264085 199165 
202579 245220 235876 119479 938585 841506 
374952 607361 179264 266993 939230 970399 
850745 367292 868694 553083 131166 66554 
18055 965241 139036 89807 750476 876777 
858363 991826 847231 998998 480716 657450 
428913 3515 64366 332049 678787 888981 
582524 765114 232676 643156 311127 405199 
318503 375659 123595 360339 612479 773126 
982624 615719 358427 939099 227136 944808 
102744 923674 427584 644725 371623 719230 
213516 437326 812029 839429 929908 425752 
937328 97468 911309 672445 734389 692084 
339525 928176 604787 359185 681607 322510 
957251 29056 661447 573728 447623 441672 
233258 23677 231076 412666 955029 185420 
196253 466371 774993 538216 107341 161056 
733144 32924 953601 484720 181823 228301 
780656 327845 360767 88247 694743 531028 
792161 578767 469877 960877 6214 582664 
86432 180676 878736 745202 714307 427661 
798897 341308 60917 301287 337358 492890 
807222 945167 327247 79554 60936 890165 
689030 64784 571688 220331 822073 543177 
964903 780730 404109 211260 690730 708175 
935569 819524 651002 914643 128421 655467 
966473 497176 500358 287977 477442 721839 
338039 602058 593099 813334 198028 148205 
405786 380494 984470 759976 295985 658635 
894566 493001 261175 955717 443456 879352 
857461 135596 612062 754296 226986 987192 
822173 265228 798219 954718 117320 331894 
716314 318494 378560 990874 667809 828857 
157381 708802 716683 880769 679779 256891 
290848 537096 494139 729564 674331 609466 
394605 548070 343338 54919 38687 870663 
837762 170296 572973 224249 837340 633123 
913453 794951 966543 115898 952861 634096 
379083 612157 183723 666596 521839 861520 
100321 6635 383880 938663 332268 955045 
810599 626653 869383 761772 806686 767332 
706057 280469 345046 16215 59015 32278 
452176 961708 431719 555265 476022 433413 
263234 91695 235741 261733 856949 289272 
459098 529343 425733 486430 124606 599530 
320364 882377 299183 983474 363524 826221 
87588 765832 155919 497031 829116 2073 
673 734151 534140 495484 603050 371592 
152548 333508 480164 376634 280428 142645 
874965 418529 903712 622548 713281 539958 
197077 389335 782064 637355 376647 254140 
164439 764812 430160 110646 497190 553153 
92359 601345 178606 406256 750387 749079 
657772 118719 308843 785339 540726 565815 
855051 415154 713792 642564 623061 644881 
957195 27161 337057 385202 535404 524400 
289986 252544 381045 921583 837623 964786 
452802 147174 740555 376917 456865 823349 
655626 880961 941343 519051 770144 187245 
489003 281545 690063 463583 852906 203972 
847308 155260 481750 361769 815735 797821 
521299 381436 580342 34562 59472 920121 
203885 835329 391766 264539 903835 321175 
494321 851322 921236 329535 761783 752463 
674839 735264 256953 596052 870091 483584 
595078 933958 883355 593687 952086 743820 
428010 73150 981786 43698 218101 486470 
486238 916430 676036 72933 761239 761987 
888205 217676 912015 954915 194597 299540 
461546 464240 670371 215958 954580 420987 
705171 100441 484169 340206 530260 195878 
38912 378021 145423 780728 766325 782198 
331220 724944 93649 978769 858771 880868 
536505 9027 179315 249847 50736 562197 
690194 69508 619178 749393 155034 449044 
247726 607396 412924 47663 350118 237407 
717836 829615 380806 387096 626489 710320 
991639 302061 523303 632227 487263 375912 
504427 229442 169071 426622 664226 278430 
413449 929522 927278 182227 475435 469655 
594895 285150 147068 563378 189978 876613 
951890 564157 750488 403444 684062 612872 
71549 304232 476789 780923 948418 170180 
173691 541430 790242 763585 970926 566809 
819887 751491 952652 445023 166606 619782 
423778 644965 788501 769719 335667 229385 
676095 791839 731265 807918 872330 360634 
472955 792219 287854 683494 917314 16259 
910265 378551 279642 364639 48523 517735 
513258 573175 701356 701419 173423 367169 
59141 214432 208963 46816 272130 829348 
38534 891341 709441 1090 517414 387411 
470263 98309 592017 424500 582816 624173 
449076 31017 669024 119424 585774 157575 
371451 238327 395926 313085 151470 988953 
114085 550906 379368 462310 320834 415147 
541992 91561 816297 998562 990900 641969 
120311 904722 16563 20889 940500 595639 
96424 62146 885757 239123 452427 473186 
453676 464978 897733 964534 678567 792655 
6473 150547 495394 576175 486922 252826 
30802 975211 31452 259722 998992 205036 
719403 739632 744101 224015 231186 35065 
278968 526408 700185 548008 313361 200098 
961934 946082 682121 615716 457534 282022 
100689 178064 588496 976411 394523 831301 
519999 484546 525416 414468 388850 588683 
429487 480911 809274 290179 191207 354541 
885479 679082 333489 77323 367943 328547 
456485 417212 697596 845636 740088 535457 
252089 638733 381639 746788 416025 593782 
538498 129566 153564 982305 846136 773913 
26686 497327 912442 480047 340214 309679 
500847 905553 472776 79088 37364 396004 
793095 182135 819821 110277 261675 820492 
249197 817133 506058 595311 956734 863408 
430135 829928 57037 182560 638388 817148 
279029 283086 906004 732795 554662 297904 
523890 41591 861938 534814 324168 285071 
5044 586551 863213 44201 666845 130080 
997293 698942 522780 536300 121862 941326 
695145 852632 406013 211189 501999 57645 
953947 541974 648788 44104 624840 57139 
131110 263478 805058 195231 476771 681593 
238330 655882 176293 70440 832011 386620 
159272 814770 573144 73629 387065 873347 
855808 811568 603005 511359 782145 594592 
162716 73963 176742 215539 95368 208427 
258222 230939 989486 408998 675515 146411 
666359 744197 72883 820071 659835 289563 
865079 772724 980867 955167 870526 439662 
444537 996948 430797 282584 508270 870793 
805589 886446 746056 715260 995177 923927 
107782 551706 502234 355831 849650 39074 
910001 365344 893858 476583 202632 620392 
230890 813364 413765 780693 540257 898249 
463604 693365 619406 139908 589056 707659 
181744 212059 996814 138787 803303 850438 
407159 508615 589570 475962 20575 448586 
854182 461263 129398 290369 62359 927619 
70155 568722 609958 173655 799304 520804 
592695 399831 173070 864310 661614 34359 
859438 760971 956214 815513 930624 954819 
103534 618091 662372 857414 861296 893486 
127891 53977 801214 848785 785888 298130 
796171 50363 570577 997224 362788 136232 
239572 521060 120697 909739 892896 946356 
63756 572049 519465 187486 330805 898150 
434751 403026 688399 520657 223748 885656 
433091 570778 290056 991080 144751 813709 
442691 217688 447410 304950 528686 876528 
32534 634763 987966 370201 19163 24425 
39550 994676 773020 693175 788296 98504 
557088 350119 522783 305683 808000 182555 
137132 14849 361392 386916 699604 138362 
373483 916069 24818 457430 504319 29590 
977526 140844 893106 239588 463961 467464 
457616 372086 496316 518010 283346 598411 
828892 718219 595949 593919 162996 421579 
668980 383341 805680 988742 892074 986541 
864329 352213 411816 79678 782657 94160 
790311 805183 496637 581985 32811 256088 
77562 693236 210445 599798 925357 457034 
718819 156787 399355 479725 801485 406227 
526802 3134 547359 722154 237858 539690 
7910 896348 820092 456955 79257 460221 
775621 91339 679198 908182 64342 184915 
477429 292553 365556 735521 631557 891276 
91239 7016 199169 153105 346169 637425 
714039 84422 876877 345840 99125 524472 
183833 457841 589464 3475 644225 335601 
473906 507460 101329 159369 388567 985983 
675351 581253 127237 39388 985179 592019 
982573 70300 323260 510231 65698 280266 
746601 777948 678365 321021 902200 130340 
100970 445562 680038 543328 120563 497398 
240300 92091 414311 643256 612154 934352 
936519 238813 603219 460669 282509 550518 
437828 87759 987193 587596 734530 258076 
618233 807619 860319 265712 701748 390108 
889001 240479 35955 218132 645663 863162 
236140 271850 939857 863324 903533 650046 
795539 995108 176546 726037 107997 67517 
532035 56249 682882 757656 255452 355005 
932683 781179 98042 125022 730160 168755 
457391 812741 658738 537509 265923 227498 
174744 472899 814647 77650 277379 120922 
553462 609720 305200 747719 815899 375178 
429002 688074 550233 474570 383466 810034 
450507 783253 552748 598264 567321 61057 
173871 988392 527747 177759 891048 848634 
408589 165536 43683 893951 716616 364499 
163992 204535 31352 552972 74342 468479 
806439 886433 968047 706663 937157 872142 
754895 684002 743546 634296 732601 936663 
812618 266254 359600 65364 923940 728972 
311840 75234 621511 897689 881687 186483 
329426 742865 234403 279480 499302 659037 
14344 312463 522745 19773 208734 136026 
418042 591015 365189 360747 527580 724425 
959622 944283 915906 697515 706952 626298 
845125 558704 586476 580832 992613 637691 
491205 581730 45641 618479 978103 558624 
625012 714958 393579 545916 730951 712131 
342572 232933 20333 423163 21921 883153 
517478 376557 859943 291465 882292 487675 
18955 23006 517724 796656 725281 51577 
680985 204521 347651 742608 129315 126801 
174633 948597 487382 92549 285346 162504 
122819 577174 598445 104397 708368 287212 
258294 341912 494412 625159 777136 296997 
787 399905 808779 742916 438106 176176 
677779 120113 255448 5320 347237 747266 
130322 429404 629454 443897 635137 468516 
630529 657977 927969 751515 762549 850070 
446489 698272 323801 259269 436546 333884 
940661 607538 294421 830787 439134 416113 
211510 693971 857493 658188 528663 296762 
152318 119163 425034 88308 50360 10737 
425831 578641 983837 352211 156758 541749 
918039 793347 138042 994681 257757 537371 
941307 432 711177 74166 56237 751044 
489112 789736 212642 228990 371837 152781 
589001 41572 719458 965631 533953 769532 
355324 87969 165054 198767 227593 771544 
339542 65097 375145 85146 672681 939613 
918359 478 870379 408709 193602 476659 
572752 678599 221132 51821 391570 542164 
797022 267322 197154 559850 588518 261074 
16617 312025 153582 192205 9657 257954 
67226 29454 27413 592762 435454 559901 
267801 694063 258137 174739 835335 549986 
181746 346798 515056 203762 86030 155204 
868604 915194 527243 617237 478614 808240 
707293 787705 45366 322030 527330 107320 
474956 498573 76067 881976 305670 370541 
601385 898833 722046 1170 456826 858045 
455043 842281 536111 508587 772099 481320 
99315 105330 125394 137491 250650 50722 
948185 839450 598939 122807 654494 649184 
84780 629095 934891 883030 776568 265115 
839838 691206 783360 12730 388109 356396 
267915 25568 871955 200510 56779 946413 
213243 758413 288270 568250 181256 99459 
417821 791015 412127 634892 64949 381648 
119186 257234 281119 25054 660746 96480 
467054 408889 679696 476840 533909 313755 
181496 290912 189922 747392 589226 306758 
495131 259322 278542 967429 141044 56992 
169492 733936 902442 18470 6109 405099 
681854 359752 75273 41897 978129 402273 
271070 181711 84889 15128 530449 982135 
83261 559609 406709 222610 14867 605346 
632125 214949 289587 443220 949231 191156 
446712 405417 415272 563964 687187 281445 
823366 779609 833483 594340 670645 43336 
402517 823091 850969 819079 717067 979195 
200149 654809 950924 782936 717494 936677 
168753 187337 866752 868222 923815 259200 
160403 807422 300846 820440 495288 115083 
94637 928742 580558 530043 602351 727015 
555595 122132 630334 910553 868145 705900 
179930 691815 514256 84271 5910 694972 
829105 502975 651280 950073 257510 107318 
361803 995201 979436 22343 854891 770801 
315322 450306 239628 821805 808425 182646 
163903 301974 839423 513520 666337 169047 
307353 711714 311706 466591 635381 427551 
939439 592681 364633 921091 160005 708342 
347300 369648 752563 748381 775663 17651 
878210 388793 587808 504196 412164 552128 
760011 680364 490830 898163 853252 296065 
984019 180209 601605 969485 719710 835047 
555832 250509 735339 838242 904291 300309 
101155 9029 931182 846673 146291 100822 
221201 970278 416776 159474 294622 154102 
100008 3809 680168 319938 658352 180612 
9935 902123 78822 677547 749097 775377 
371194 614531 544399 101020 585630 423788 
299585 54681 235839 582633 763447 619388 
996510 865009 217605 784132 846288 286370 
197033 443324 654414 839573 374389 320285 
361466 253004 372051 764753 580143 947272 
874042 38930 24387 425400 60268 981105 
254748 395915 510569 698419 925483 777639 
229236 62805 157322 189938 588287 145073 
570990 730189 716405 123193 948361 880992 
557156 247647 65855 413072 800646 235351 
376514 977037 711594 378292 535884 817545 
679684 263599 921656 12611 355149 303559 
267390 425217 565912 999618 666633 187932 
278515 706321 469751 924021 411126 412497 
194284 444870 630443 424878 436179 372755 
361114 154082 750515 159806 700207 413019 
40937 846202 333130 344251 986952 759960 
814179 878073 25738 850301 277912 122853 
89905 569269 419285 760584 700414 194272 
758879 461353 754317 926666 659965 713836 
783563 619545 342531 527510 43221 582111 
612540 152875 559151 904271 391731 705656 
325150 519501 536030 20717 838243 214878 
807016 363938 551764 150335 669850 395450 
989784 825361 633253 548773 659070 85361 
199822 929087 404923 504230 436022 924438 
812030 416500 15813 937033 309554 938509 
96883 847435 952911 693479 60467 914567 
250973 909545 494204 398942 360839 853247 
38580 168203 445400 928269 503931 501032 
602580 346431 543826 944842 843381 306303 
42919 978950 67073 865664 917886 214551 
65540 824119 871805 79192 756912 382634 
791060 597291 28813 571616 444103 518460 
904222 807928 113305 878368 434706 240278 
396631 941847 547683 904376 596286 47664 
556879 993063 905482 742476 1009 210760 
340892 809850 735548 188626 910918 114306 
572243 587290 523382 217277 810439 406218 
452094 733793 971629 134960 508348 696155 
240731 506546 511211 116181 487424 843360 
783940 433367 122333 119906 122130 397769 
182948 91280 433425 833238 885483 524960 
781954 559213 353165 977338 787150 370273 
38941 133928 30228 312177 480008 543465 
400913 970401 497734 80292 115883 578567 
653372 24698 38298 982370 200818 326196 
616051 18147 925612 562076 993939 305360 
683111 557607 44260 334334 596274 71055 
874959 519996 138854 855871 815934 933839 
144195 93416 316876 425111 821608 137521 
197708 36816 461742 123275 884531 113844 
587362 488674 53731 623230 436766 610863 
663509 361290 6211 963370 206881 794264 
470485 146333 972397 15600 681395 29012 
243056 794463 933553 609457 293346 486431 
220244 757532 676610 994837 422761 169175 
568067 983731 87170 372335 536980 698174 
791054 969230 464395 103146 652564 894254 
539309 812321 683084 462632 40156 127714 
567194 809834 530269 394886 540072 4423 
486853 449182 698654 421737 120960 485433 
206081 467170 705982 794242 345637 135071 
424763 238341 620688 253309 458921 130450 
713709 273206 640251 760570 987178 698996 
961040 746742 811695 959174 317371 178088 
632442 25456 674667 839225 95003 476380 
863164 314785 702153 988719 139609 800069 
119264 715319 281355 963130 561144 430656 
335907 137255 17827 22790 440832 192585 
523330 735492 242750 583377 897092 278955 
913275 951528 154301 556974 5511 197138 
274911 529914 649511 167984 821399 11011 
664774 105951 500358 8058 85113 251455 
579226 682203 535661 703374 703689 419554 
580272 552498 639082 650717 18264 449621 
596144 511965 832148 640426 310339 346246 
806925 443279 393148 265222 239096 808011 
740285 875682 545019 513782 484523 54636 
498169 246392 925322 74065 433340 217769 
929139 930382 568830 619480 255220 644483 
634708 689192 944260 126368 202872 211924 
211041 638652 609329 566034 579016 219204 
471585 201173 754385 445520 869739 742829 
40996 988241 814974 67018 968027 559015 
897347 447006 612534 723599 290527 396768 
546421 496698 605221 623020 650774 406648 
368539 610055 107179 399059 743079 604033 
623703 460857 833111 637875 741861 615441 
695306 183144 74820 411438 651645 222104 
718371 853217 487862 170448 406821 629352 
940295 317869 234049 500485 567551 496966 
240250 134954 842931 698090 864693 377488 
537764 467902 705788 753063 491021 845257 
782990 619560 580172 538443 408224 111110 
666986 294535 236405 126275 612169 591330 
255637 709342 202793 766500 226029 127721 
572950 738971 502146 644281 38770 309790 
480275 760888 225307 245295 86027 96532 
761336 62458 161184 876186 321189 453114 
457611 689117 122424 598651 661988 566544 
607536 200122 953113 439348 898362 11816 
770762 972586 479903 489485 801349 592874 
254861 308042 837337 669196 994367 639799 
225817 208388 626828 140459 683567 47147 
632970 61401 642330 14008 859164 141015 
160645 694349 9823 28218 965573 853934 
321581 71838 539887 911180 96396 506754 
82580 946944 500407 719696 19035 721171 
3270 409465 38457 30073 171452 571839 
899407 700447 512109 4364 489055 104794 
245066 266688 9964 197630 586123 223112 
838702 303952 177783 214185 159663 153619 
976083 829021 252037 750014 963749 845076 
861676 993551 256803 128539 916927 71801 
999997 996058 56339 187257 93508 434423 
271729 352135 956981 379993 84717 901031 
167590 595655 604967 757982 499596 581230 
318366 930434 962983 909697 383724 133291 
96267 992763 581538 533638 892491 792192 
57984 688200 606787 249121 438097 154942 
642498 873215 26977 589827 216466 932550 
31580 741068 664550 521499 972741 200221 
874016 903505 93391 653214 357372 862292 
172188 79944 530012 705384 60303 199802 
814384 613644 399248 354024 344065 437816 
87196 176306 973659 122438 588741 85459 
959061 485805 711757 972848 365438 200167 
32027 88656 518694 853877 566936 127787 
862918 243705 209961 881371 675917 61632 
334729 637167 285384 566178 918017 871071 
692268 231298 745607 80281 168963 93425 
383921 414074 326129 524463 464020 801112 
65186 850065 62014 746172 701459 522686 
14219 307053 56889 12691 27752 961831 
901009 534695 646818 32171 703557 281064 
641194 444336 580920 20644 245799 431543 
624495 558884 345336 120188 221083 893491 
602949 242824 830279 261116 535104 524515 
590810 370129 929342 481895 354186 412232 
90156 813297 542814 828800 698223 100400 
565917 75905 271644 238431 240344 746689 
668817 97103 847441 372419 618414 360925 
90055 469658 672179 61252 76895 283340 
608312 352139 737072 979474 721795 142559 
330923 608827 325193 782331 215334 821231 
46916 689795 485379 404305 303661 901361 
424129 883262 305559 92646 679775 126579 
287080 304802 316008 842187 96372 669967 
932896 124005 941943 956792 246153 771172 
54383 278103 476434 190288 256532 999883 
403165 64217 126325 198888 362476 919612 
624049 954089 711463 317631 97678 966784 
239500 893142 409721 577038 804595 424168 
875610 755503 814781 613419 325779 537388 
420441 903339 498966 731860 501042 518570 
185888 261220 347192 261474 890390 643107 
741066 410918 53242 147467 147517 288230 
201802 916001 739532 107601 107061 846054 
699804 442261 260283 549798 739434 279298 
279712 143341 608659 198540 833612 93081 
457791 326639 880002 819851 185707 820973 
728251 19767 155282 934899 921119 815771 
578168 186906 98783 437517 122259 281161 
25521 5548 356758 840823 82857 396152 
981659 455182 912817 437758 555564 289643 
43109 513772 387245 235778 340493 811459 
903466 29535 324984 837482 340345 754503 
131889 485022 610188 516541 342625 392711 
506325 340576 205313 563174 829846 678769 
939321 841067 852036 1203 240538 684451 
960599 308331 58997 806991 939761 583 
660054 657232 634280 591067 890080 780734 
787442 989830 714630 674135 11052 615091 
338083 346836 383687 181052 422135 43031 
617999 859112 27519 888769 435033 320533 
760304 733281 536393 629169 719311 790471 
775549 707106 896112 770166 91674 950150 
299273 349559 678833 173972 379250 434506 
603405 600417 241595 933752 276059 945087 
384553 562052 572471 318528 933263 167168 
283919 308312 1606 967675 243510 319840 
369737 329944 622087 665975 449071 600506 
967540 430211 120453 823707 330538 775765 
976327 886204 501026 81515 439931 111415 
592583 416271 503083 583728 447295 647708 
426173 34474 690393 79904 916272 28469 
90449 195997 266229 340357 625666 709610 
105192 336991 942505 542583 585641 849068 
753617 372781 609564 172464 133793 25140 
570425 278868 816062 269838 900496 198559 
63198 139040 366813 786563 9131 827857 
497923 336404 528143 353355 102697 872339 
196770 798879 34990 849129 180654 371781 
865290 963055 402907 758529 586690 927146 
287100 421536 184327 767636 602996 856418 
477484 549141 277702 134258 558147 968529 
295417 229264 19603 456347 376996 500623 
856503 705607 280411 968442 423574 546908 
919606 902738 837690 447912 44346 536371 
892175 546030 126503 687317 500794 841787 
565022 809837 866708 10903 888812 28339 
93826 368726 644855 112639 918834 776526 
93699 671565 660916 896802 636642 516127 
507442 638141 446838 391553 193422 384603 
711652 294824 760023 36481 236823 220276 
124135 72397 480494 802581 827739 706792 
475715 958921 847024 404439 976985 93443 
137335 349617 792609 319656 60788 481451 
931561 178162 923097 597583 367586 972535 
420442 936523 879692 720516 604845 187302 
966592 789475 47904 959053 801946 478141 
563094 6540 140353 53848 325279 288152 
259348 116288 788019 375881 705010 759172 
942347 163044 452966 483032 814941 419222 
677229 498072 287730 768382 629094 841580 
954917 218849 532246 626310 524154 285505 
332052 629128 926104 810823 120599 11395 
698596 716253 306266 834971 309372 70168 
941993 858054 584589 443667 571084 993075 
705938 498583 961741 745607 111465 858422 
642022 626946 488787 400503 296844 670976 
186824 944363 555218 134044 131637 754590 
918780 238639 709908 109417 632545 350134 
750885 269093 48059 338834 999246 421626 
274895 339176 807436 494421 664243 406504 
938005 798648 58369 265131 459404 533931 
259479 134390 171104 626768 908743 910876 
809602 260692 170978 708031 758785 506241 
169308 948278 193027 905713 152668 102411 
974114 514269 166115 692251 509984 624212 
832470 762144 221961 553799 777577 766220 
58276 920065 882730 829963 872469 46515 
95143 760171 77650 963629 129790 921176 
318464 557609 67455 616640 298281 289794 
101823 225301 306844 266050 267132 380657 
698850 553496 448680 919891 741208 642920 
137236 308743 977838 322685 450938 108260 
152635 251162 210151 806703 440314 532654 
887875 656222 591525 10789 43134 526710 
414956 706523 220313 594197 742098 147179 
933774 493452 381349 137254 240478 507364 
72408 943200 324725 909762 233982 154084 
799227 77861 414117 310983 552121 699787 
740045 832282 665894 273395 949828 908729 
229070 326334 361119 239040 348318 534127 
582806 437533 549326 694993 687933 435009 
623147 926584 819803 203825 427264 709023 
637737 369913 285920 690737 409128 415039 
894291 412195 352927 482165 324891 771454 
129456 279080 855329 949498 826710 523894 
181633 688390 168318 68444 290671 959973 
54270 799981 541124 713586 371830 312927 
633257 125380 625218 102464 841375 303148 
368025 796038 52904 444891 50757 303427 
8469 885921 275327 54775 213933 587536 
324966 730304 468023 343039 830428 549740 
773797 68842 777085 954543 990045 425207 
378301 790896 424868 856211 220381 323261 
423721 231867 156426 225823 623852 466839 
75090 98953 525769 134464 609987 902570 
936549 406946 762018 439650 187060 552189 
748997 403729 706020 474630 849102 139722 
503337 16874 886212 905958 118118 422066 
388751 858549 34677 818625 6608 659792 
276819 844283 746843 287434 217067 609728 
17490 250437 778045 199702 268383 199712 
324459 126117 383565 619022 835808 446491 
135044 505730 639517 780272 65311 179654 
361505 652420 393132 15851 560501 424484 
793919 615451 668881 866731 516787 34890 
690990 882821 284158 419147 72873 878287 
936048 11839 760721 34650 739144 160360 
72845 551951 794035 968987 113901 451884 
592290 867412 334987 429228 703814 850852 
852893 965125 501931 118149 268443 535371 
388078 76430 626119 752370 770781 370945 
984734 517680 817449 74626 786969 124289 
724362 498275 774880 30340 75760 983130 
832908 103427 788257 992532 554647 44560 
263603 757922 406115 892426 101800 799186 
511203 211711 263329 100889 182570 358955 
127233 849835 880014 947743 960863 362413 
702393 87101 827431 129346 786572 439520 
297614 390978 638191 915736 669551 642697 
377721 979539 954503 537451 404857 651543 
234826 757317 186591 345003 794527 825711 
706890 308630 954879 400589 239791 703231 
642277 943941 6178 70387 819059 214411 
96069 513925 293729 223191 338890 120080 
915362 532472 498854 428184 321109 368578 
950100 649679 760164 441827 254338 994483 
59389 118356 432476 678164 223979 779371 
466676 877044 600976 782989 154699 792839 
485761 592896 276287 688345 12286 512478 
100880 888335 781388 697509 244816 948229 
430257 356844 459495 700375 105740 298992 
891520 528507 322318 807949 506004 898571 
893593 46856 262929 814753 987955 566601 
44006 850524 644839 78630 511214 956927 
35640 668954 542390 874232 766787 454740 
860461 53053 732656 725612 827495 430418 
418900 956464 420685 922280 941927 59805 
623845 651167 319197 151081 34234 294124 
383459 178813 377704 45718 320567 484608 
406918 77786 248740 191183 153904 154415 
357977 108745 11375 996004 766437 778630 
825416 678629 167442 171047 501150 461404 
75739 472904 216516 609203 960906 807250 
282979 382392 461938 201966 374596 421914 
718406 863828 485691 661904 561173 585537 
522545 853273 525731 276935 859532 750558 
58917 506366 228541 889971 442264 896152 
168677 913212 466046 158482 472037 126636 
395766 671047 412737 523817 693431 899999 
394416 838028 229609 806116 785026 895044 
130336 555829 815342 749338 201013 542675 
355639 346383 321219 930777 150459 985185 
677691 465480 203736 587564 441189 574272 
907323 837870 499827 456075 267526 141475 
790467 425556 739805 699727 946418 107637 
754190 405594 121879 917614 517915 434645 
85859 276273 39076 433946 808403 512089 
555381 676690 687887 961787 282730 512593 
547043 405269 614971 655579 966999 279396 
853352 436618 125996 894609 88962 197255 
978742 110859 804691 85558 651153 364528 
562859 455662 926657 136740 87240 139621 
972458 392133 592161 874475 473768 767285 
6863 820045 975692 36630 737945 293978 
128500 885780 441690 382146 929542 717595 
424657 798489 928585 515306 576581 90171 
614751 763071 131795 203402 155171 355890 
388821 116627 862555 699678 73585 891087 
25882 201018 648571 827333 493493 818373 
37896 59341 978271 812640 789840 652015 
356260 281717 142975 248489 133247 695253 
793240 339727 703064 946592 814406 523469 
377501 219549 382849 468232 720059 626922 
777369 351075 734265 886925 840995 329182 
748081 693288 109629 649624 498989 721099 
194174 522741 497754 955172 305599 144410 
517227 102673 511873 134613 851981 554070 
571961 238810 845250 167594 856255 768681 
320797 666092 277967 383179 859673 208883 
501369 585978 74773 682050 852715 868512 
743088 733147 372825 30968 167677 828074 
326534 278545 311011 660770 831666 887025 
359252 269990 312544 843350 774632 869085 
56259 87192 642901 486376 796292 451562 
160845 947376 599347 587135 34740 411416 
523847 250441 279805 967634 370579 103132 
629088 840717 965896 909553 796794 242764 
481313 351431 956352 174418 630511 624676 
549665 138233 728577 462522 151096 36387 
933103 535204 485035 617607 708291 331279 
263267 139885 948229 116406 201000 82357 
38498 104709 612951 713937 209080 252767 
953795 526802 511361 455355 544998 10528 
314265 473961 871426 472644 52205 544115 
890201 385055 936642 880926 514565 858430 
434207 995920 271797 186181 958873 508043 
689220 949575 437625 165335 245687 103288 
969355 964094 548755 615994 218758 727025 
340121 464211 181779 510473 242336 432384 
369212 520295 293197 624547 984754 235388 
672880 39063 176699 738404 592766 142628 
445878 68845 46439 403022 784716 988919 
333268 751560 675829 457459 289535 485510 
176228 290637 710190 491952 233488 556838 
912845 26866 909216 762106 798503 577008 
321395 3553 957697 596503 571337 190129 
558099 491343 51857 418112 252324 118348 
969231 505031 38016 185220 652137 19618 
842137 63995 108303 942131 456696 79033 
420358 847143 163166 171486 857935 401361 
51003 79692 505720 402482 449994 812738 
394878 582042 224263 717897 124509 243111 
179406 983302 932471 423532 879250 990960 
413212 791214 845430 756508 806780 276232 
209227 496949 572710 585774 14695 890439 
158780 879054 592158 106618 482870 221458 
880928 2523 315407 275970 480047 49814 
700879 112903 559802 732160 167030 212234 
61211 185233 236418 257787 821994 667183 
376478 410350 874172 703717 68135 222751 
341884 203762 985563 624214 970339 337790 
316384 315814 358231 657320 229231 763727 
399006 790650 232411 879555 223293 971774 
692866 396038 353777 65770 683470 279982 
701129 616246 520424 308810 617246 432718 
372731 96159 864752 858659 366496 88653 
889311 728476 193259 837905 536067 352619 
187985 555684 160168 442426 472501 768320 
734121 471875 539214 279106 522471 254207 
331317 862635 590823 405814 220752 605824 
383302 202421 354135 340114 509145 65182 
701312 428504 940453 944281 123339 750840 
460727 742249 494252 569828 311522 194713 
6736 218721 135635 912404 186765 570275 
474770 89876 35563 463061 194583 429107 
328201 94197 531719 367453 337070 610779 
811146 690663 822125 188825 562441 247224 
845940 46654 539657 767013 642097 442997 
954591 234779 461984 251083 28239 862389 
613814 882446 988421 861870 304739 842000 
91695 12080 710856 261835 878261 574219 
512437 77918 911254 425793 267549 373366 
846304 829374 496217 632776 441036 983013 
622357 407994 886260 104261 809115 198433 
435057 666794 237242 586149 959829 294160 
821586 715393 466114 549427 246079 330471 
532389 937730 23520 169088 887059 925809 
969731 197265 986174 597485 27823 570105 
312915 587947 942029 896663 243444 713370 
475379 349384 909 113975 973838 635214 
979733 418046 9772 752588 378659 372990 
691812 22062 526570 361350 20194 259237 
963091 406971 932627 257616 960949 372491 
199081 946678 769396 468988 557451 323312 
876083 434334 935965 538148 717367 76511 
163751 230251 781785 664957 682212 440788 
873383 512662 793514 729282 724697 224923 
775792 982128 124587 152739 643329 707093 
639643 474588 544380 4835 843521 112156 
136069 659497 353798 336021 115212 194584 
791810 318183 646968 774370 985718 313872 
931055 328638 725347 91582 427076 413704 
38853 797573 804670 454470 739247 155116 
474625 525318 274244 370338 843676 551139 
609103 467854 519406 574694 282624 14148 
397813 661512 944452 241619 283701 477397 
360575 806267 353985 586989 375401 162876 
10089 424421 23298 855369 107840 187274 
321267 534876 369672 178821 161539 639971 
413692 554394 801970 645208 161786 401035 
124598 693486 737100 684633 718543 481959 
431570 23402 284425 219458 202061 981510 
120846 147986 694346 626107 129637 540010 
772137 975329 983243 31541 34248 927800 
659756 908578 93457 961005 175550 562556 
737566 212988 327419 664023 85892 6191 
833017 859430 997507 952132 142375 770986 
314824 97068 591206 716549 565084 284016 
888257 69549 893677 343086 579403 403068 
345719 554178 210644 261027 535183 763840 
143303 492159 658700 698397 22371 668996 
760914 713005 613716 47126 511868 587398 
633645 899638 427877 588420 152837 300569 
268628 840166 881771 559317 207682 452310 
340487 895284 851336 121990 945294 555371 
58665 321142 933473 495652 440698 79058 
65027 143224 744234 204599 885301 761209 
64690 228438 369776 312106 365850 133617 
442046 533778 32292 28227 383094 694885 
42586 795069 847122 522915 934191 289898 
164591 605501 425492 896243 383520 270065 
233626 437119 29742 272503 369215 817586 
294576 633619 9431 822807 898243 802507 
477016 315608 696231 358003 243522 232426 
530806 547940 111337 86853 11202 969419 
486753 623313 403401 974877 627716 930973 
730519 949992 848674 574664 612345 1413 
910790 168258 421529 90858 848993 967661 
533563 874012 567766 337373 82707 440257 
355873 315966 103744 342291 947109 10453 
264937 847473 448272 327839 853043 992336 
178093 474453 524892 156814 15173 115601 
986615 894887 109299 118730 609220 849856 
921923 876219 548395 133345 46022 665251 
87189 420352 256117 46309 185704 650232 
823359 872527 339677 480153 718962 178551 
981951 895320 251266 25473 187265 716647 
420600 369662 52604 301024 598649 977647 
32325 485338 401713 541799 884712 585502 
48157 858638 671043 822068 219827 637122 
76544 702550 285614 751191 834160 140870 
388985 256127 932865 744251 940983 915781 
74204 461815 209965 373299 187805 498484 
784397 775380 131696 712380 900064 645012 
930628 152280 742159 491395 102639 376608 
33741 854392 675166 579826 102180 785234 
692663 232253 507739 395162 52813 464317 
433665 525188 121663 733761 588314 12821 
824750 145127 44387 773790 738520 544234 
481346 396902 46230 541970 196047 226918 
41134 591370 386489 624749 396310 1038 
859286 503396 87046 956483 488075 988396 
846776 527584 134484 750179 160831 67594 
464369 586054 531457 613118 895662 664944 
531795 747112 862797 223361 56943 957328 
389841 854106 810708 436660 877034 855108 
140987 91568 524216 131760 757745 989977 
181629 921369 449686 958762 807908 591750 
680880 930902 746344 315435 467372 690684 
98403 873583 701747 235641 346036 901833 
430501 507543 727371 673219 345461 604770 
775124 172769 866145 3227 620157 6619 
46092 969670 589094 379333 71161 883166 
154404 611216 362214 291369 64434 234217 
342147 686694 177077 548543 946574 216226 
581483 22946 134028 105642 789743 228167 
357477 272538 981227 909544 142557 840724 
303642 481800 196267 245261 627128 850004 
925880 881985 401609 537957 958517 107846 
727235 671266 684505 418238 231450 337795 
675126 689319 515046 969840 462135 4493 
72306 355975 339064 887198 574947 489981 
377346 727582 184515 941467 570593 214129 
111977 482218 202084 889750 331655 130666 
531057 650227 555792 592635 228418 953866 
328324 74463 608320 830411 102297 26199 
610554 171076 865159 648105 526530 906676 
693744 63619 893924 662141 917675 823738 
748932 987639 283372 58667 450323 448161 
355665 255938 999086 938994 49675 829145 
929491 919693 699495 959032 455680 246292 
852088 198203 286186 175444 731619 778001 
345303 243038 516487 541344 807384 192885 
151815 651654 574119 705507 94197 422651 
493977 502118 926300 704018 460735 333704 
783530 455070 262175 495756 389624 103473 
23306 881092 490488 165184 964570 558208 
613882 658722 300234 594976 995547 908471 
724594 654923 700874 689446 532445 116152 
458680 453502 890824 937641 62876 803646 
26234 175736 684704 889328 147195 426186 
259371 22512 44146 59232 35916 747978 
765534 745420 471231 885057 314545 803584 
726432 843820 690692 938370 941673 122492 
629243 386875 331753 12376 720183 341871 
312644 126889 323505 776200 188513 598705 
996282 268683 536564 519510 792524 112748 
510951 251261 943563 736316 61799 201938 
128414 358784 565962 746339 509349 654366 
212248 149996 468694 983793 197885 985774 
600951 374139 112073 574840 319866 392698 
529313 236167 583344 723219 108166 519497 
904619 465643 450879 127358 930933 44117 
838630 675575 949990 798245 871629 551361 
309414 931107 240139 412059 475904 526876 
358374 234018 937118 391826 231454 585998 
659495 453139 589076 152277 385778 552871 
360278 813165 564965 80610 663368 161199 
159086 958746 407536 825495 296862 256947 
554909 274536 452637 607510 87733 100524 
806862 583936 791642 186521 361472 170934 
619512 176463 637133 866519 849070 439806 
883027 616586 340695 198949 866188 199253 
817588 911349 236557 193423 615608 8340 
606296 909230 141295 90685 171421 442426 
643915 436932 335252 923363 164812 760247 
570288 979565 233227 102817 105792 64393 
317284 384168 645415 141248 404094 601494 
600182 895624 120953 574068 35939 206009 
234226 827986 454185 77849 291445 493156 
645755 335955 665472 481415 810790 287559 
385584 990369 160002 582587 914827 856805 
249620 162030 108009 381622 60099 974861 
663423 522787 575349 54079 923401 783313 
686470 485979 174612 117558 608165 300921 
198245 504449 744778 599014 881161 596120 
192535 10673 952570 49529 469323 730018 
606827 782721 578205 203083 611633 812363 
814587 562678 571085 502385 463390 160445 
958362 284718 730377 548857 945040 693028 
656735 902354 444978 549112 658463 104182 
547418 435803 571965 320549 780511 881188 
423326 543912 712352 91993 335087 203809 
120368 348685 886562 937150 593758 426659 
204870 419400 445855 447408 446465 249112 
58842 998847 439853 683688 870224 279790 
292045 550215 648486 880373 303723 837798 
242193 156167 768527 839888 211741 902353 
742173 731767 109594 734367 422092 528937 
566051 847134 362559 619746 864972 715196 
755713 447674 167719 8811 669986 21311 
828467 549189 452456 640541 515491 207178 
791540 275450 267014 39492 22515 412575 
506199 239627 76605 669584 105955 482789 
603789 828220 850387 82437 615325 103887 
974037 961012 679646 481573 145835 698829 
256529 150490 875664 982370 862917 826365 
638978 656189 801965 433827 721649 665985 
618333 222999 534082 998702 485409 676719 
498496 562627 341946 416122 946784 878397 
585334 288981 663663 617214 93291 857373 
997338 127753 304336 273022 915930 564138 
34935 996458 318650 555058 564075 814246 
167494 328032 796130 33534 483410 448860 
828831 738201 616420 551324 504679 460903 
392511 884457 903901 194166 541132 388988 
867388 942948 551143 573762 397361 917103 
805892 343103 772243 666152 88317 65999 
913344 527943 612793 601031 304021 42903 
326074 698297 130633 444050 168130 645334 
69159 420743 307875 655534 577958 264759 
216866 645524 272486 235904 626311 344221 
974665 669873 387460 667207 728364 760188 
879935 394421 737857 372873 928958 17496 
264458 288871 111790 55850 57076 290269 
397840 236244 33870 858463 584705 953840 
176932 71708 903972 877928 935804 630324 
402926 222845 605996 482311 10957 601316 
465302 698537 577334 103051 821506 656689 
876042 711545 817110 149105 403876 31763 
100980 874048 185217 860026 997232 815666 
720973 543442 607661 275305 236230 900318 
27283 390981 296271 845063 712559 26679 
839507 261820 114918 206899 792660 920498 
538583 703939 890511 128396 927245 805945 
893006 686615 179997 397949 411658 130412 
980898 880580 879866 899256 422291 45921 
882812 568601 351230 511413 69215 972318 
769123 560899 389067 366001 123184 430174 
319950 655313 625236 658499 769603 638839 
617793 867843 479841 553882 489027 231833 
655133 110798 337656 880730 13245 343368 
165163 650890 897787 275132 732561 295818 
768018 80103 500383 361839 169831 796521 
949958 737903 720215 88138 155149 323061 
699737 898589 719753 830804 724944 427009 
766842 718359 602608 186628 871301 622135 
274954 546723 605514 629222 284597 412013 
439457 324808 674331 714117 427830 534721 
563293 733510 884350 283625 223908 485697 
977621 973724 279621 400033 13558 598383 
349328 818224 365910 36221 987254 761842 
655581 351455 982164 7215 787138 67065 
426144 192015 286145 677681 433455 454493 
58044 653051 931488 383534 913708 321616 
797609 994779 72450 695294 789308 350633 
535966 227224 749461 700106 638315 823309 
628771 586621 483349 264662 801168 442192 
669544 879241 115375 856389 223046 538571 
617025 451923 290692 611170 831076 308867 
159139 793897 855129 886971 301798 495452 
937584 809112 696148 894675 333970 853492 
157580 792204 965803 843783 563840 189601 
513906 91945 265936 322328 484182 240309 
737859 510041 76422 506442 984292 660154 
525021 771883 782903 125559 191337 970822 
497111 70461 953431 533842 8237 477477 
587388 661649 838351 269118 273218 382837 
366514 798723 656109 355871 889037 481132 
630921 339650 96845 859616 279666 463398 
905198 983367 599103 196105 560445 323070 
854732 436512 73831 996900 541347 219835 
247548 901585 792071 863622 244806 45287 
789724 196331 516800 159232 990902 117589 
730229 921286 466364 137296 560567 441058 
759161 374092 638136 808205 326975 707777 
891592 731842 693688 835244 333995 862356 
246154 800759 674198 70363 477158 851958 
444102 217226 595758 560205 165437 584476 
468480 559344 193691 831597 389092 849027 
825365 32229 255502 169824 461716 377615 
172752 212342 541804 129480 677919 491150 
943799 305810 681663 237673 582286 596616 
270990 380550 466787 888492 401707 965504 
729854 437212 603009 377939 563858 946980 
146611 108799 406587 962156 775910 584261 
669143 752146 591205 133198 626366 543699 
638901 211435 968223 160482 685174 372791 
79992 112987 153523 300505 795889 278545 
20998 583270 461974 815875 721131 6307 
780720 313966 42271 57256 927423 507516 
446836 942047 821205 824602 867380 587244 
37201 758759 105648 618343 178743 473672 
237732 688196 613481 418904 275720 287892 
561092 242173 269877 69860 198746 963798 
111346 40387 744647 934928 746139 657058 
153266 643736 346605 359252 607970 616170 
319216 804468 79930 193736 173889 8293 
401747 14599 924667 776756 205364 558724 
728002 985051 598064 261427 650156 552607 
742877 823063 175819 416920 114604 673102 
66139 656721 29802 565508 452357 260997 
897490 465032 55950 467978 390028 371195 
339807 800138 558278 175588 129201 38123 
953326 899937 744853 199184 409097 168249 
393245 308729 942643 180492 384938 116678 
54131 585387 806803 650457 433914 45572 
763247 245528 73081 751158 1408 265362 
255452 274051 465276 510585 842598 41123 
217273 701389 276010 109877 923892 579930 
341731 437713 221757 559192 983665 376504 
168899 684016 765040 548653 908408 302878 
961015 661021 374432 814513 492202 677113 
54844 393200 120253 874597 740365 704279 
43013 686728 37191 621887 870012 518020 
430164 739739 217745 826432 472385 635678 
732586 253280 324617 337274 125495 281110 
484412 284164 425204 661650 374476 515187 
750267 166805 582068 723848 43715 453603 
195590 85511 550585 580311 345103 208419 
930489 540304 633128 820535 696489 418057 
648924 164401 972594 116743 163441 731977 
762972 108139 394005 624815 330438 352999 
46375 817923 516990 42253 880606 507134 
242371 58883 211418 113646 928340 409555 
28933 869918 664628 423647 245221 183060 
23165 562994 107650 590323 76382 486897 
723246 445697 878771 123184 745654 9795 
119935 121441 473764 52805 243081 579943 
40557 217974 685648 433800 577534 80303 
201067 462721 356254 847252 356162 987060 
925823 411667 158627 192509 172839 332682 
54594 665762 819446 148421 696720 289320 
615635 943204 880246 908546 32503 434459 
472174 247077 910293 324436 774398 438071 
647461 390127 287379 271973 922508 760681 
951670 232020 354090 441818 97901 157871 
97215 182808 172528 322591 996858 298362 
892358 157913 886880 237879 856253 360208 
58518 178604 343234 202956 196235 299836 
491298 873107 493892 688849 537886 457283 
655877 542465 616164 498497 832601 68429 
701040 813068 223615 333251 262463 347627 
418609 784899 162667 175109 629841 539038 
839080 908687 629939 837658 927129 274591 
896385 620690 699536 61280 28559 227642 
382945 865566 104252 790785 261409 941185 
745409 995151 712704 622551 606041 198254 
735040 559626 688589 868037 63697 638128 
891099 492990 397643 78465 911042 597257 
622855 370404 351597 910586 429723 568098 
319034 140174 831791 812284 582629 966667 
76224 518679 128661 846277 195953 594325 
282883 349180 253577 427200 545539 195811 
217678 592224 89393 146108 532155 175980 
610489 308190 838880 80733 918018 4504 
798743 260061 739256 825136 303262 134623 
282484 168836 545878 884616 579275 137810 
285591 189002 74928 757651 591086 480402 
974342 601858 689908 573656 335750 341690 
138572 170451 615818 511933 930360 651023 
969844 322577 786008 570838 866045 339588 
922369 863499 725214 300625 506166 242711 
341588 792923 257606 603258 486484 88214 
215617 219779 254347 915525 637016 613467 
230224 896157 411344 89403 996969 685257 
708899 76414 6903 582535 870579 70416 
758399 414127 148459 288902 46741 494676 
72117 71048 52199 100227 434513 882089 
614947 880489 345753 395543 941254 166609 
386638 185390 393411 805834 959005 958119 
447692 445734 273588 248877 543487 821599 
394876 209872 368304 348053 901938 480530 
724303 733491 699493 842975 826294 601967 
955854 601690 228882 231791 61447 38931 
138859 188169 10474 447253 147537 651299 
988871 802843 514213 590778 94465 996834 
487553 207998 789253 820057 367045 657177 
957160 234485 716159 309520 120925 199009 
969462 588546 351888 766675 756435 852878 
172449 27194 351533 130322 459584 746643 
30447 614094 688225 296027 614632 450406 
573852 340831 497391 809094 523173 433071 
201137 117984 350243 736881 363609 481105 
382126 17233 998298 973921 433386 794262 
89436 722281 109371 466192 110208 986575 
258467 681709 589970 625581 92863 269100 
590858 655312 638107 609001 312319 469276 
982637 775894 531049 433613 85749 744714 
287697 967960 720047 869299 319191 195568 
82737 229160 585248 499300 219495 828633 
662746 383973 597865 746344 814957 742630 
184822 579856 855039 735004 258192 735875 
380964 775269 976115 537746 670625 845253 
825587 712582 113627 93451 57457 54796 
634145 528018 328441 512716 113235 535587 
470780 655194 790637 483896 568101 497797 
10228 491931 59225 200206 166651 549485 
320784 904627 110738 131203 232139 407720 
285388 979819 425841 51111 59052 380876 
986634 374046 651947 584491 706455 31815 
168169 776202 691403 11286 984430 81259 
372906 472203 726427 539250 156797 174887 
971377 649128 722543 438075 931261 208540 
74440 804379 378975 479524 841347 487858 
480886 182081 656909 61040 395563 454112 
617501 672990 995542 128445 21290 343185 
549264 847074 69326 557117 101078 810958 
729013 898657 854294 886320 618689 516768 
364506 865490 408894 424688 22094 449491 
525373 886955 187887 760077 184015 971139 
363922 223445 807711 754387 463694 301920 
513645 187920 971016 351170 288099 13854 
836313 456850 819861 617279 652958 537066 
829338 596774 523355 696011 600577 968554 
853260 236317 98930 524054 260810 502099 
126819 314461 838999 100909 361587 783082 
169862 501911 530215 831574 539594 966639 
545534 505907 71449 265252 382130 410501 
521276 576250 596366 170896 584182 531945 
531815 682701 1934 828453 31544 787318 
154683 521273 322334 676736 400108 343757 
400044 204713 554673 241158 639404 690535 
422153 397836 19507 973376 826824 853991 
73824 268023 300453 11906 465329 295012 
557022 672850 66689 80157 168968 365520 
140706 497232 726903 872354 369875 749363 
747013 435096 225374 109266 152451 939537 
857169 804679 124282 410238 400598 670088 
924252 928126 509233 647450 226252 405865 
838038 359716 807751 585321 245605 995422 
449581 138626 70083 390824 96496 254193 
375382 150711 181208 867250 203996 602154 
268208 60380 423465 889979 401104 85736 
658299 275665 413320 150031 902715 772401 
557798 969745 330067 725205 616229 780945 
820902 266197 673394 503389 488304 453634 
43676 613708 24764 989330 846935 855041 
30716 393077 921260 230924 372424 568454 
589057 992367 529526 686621 23360 272445 
970898 249089 477287 683806 733498 503355 
68204 98352 587929 816197 290763 160072 
462718 416097 495277 498198 237528 165575 
630390 622694 828880 82870 666476 670467 
219843 772012 740415 232310 758683 202545 
604921 753068 293001 4813 878531 154677 
300960 784793 564945 778345 57169 815475 
612651 633829 939263 868747 714009 145651 
214846 186202 884075 940808 533933 406515 
584034 766182 862637 611057 309310 986082 
125437 71184 80549 599424 27700 995864 
8173 561338 667610 947764 52166 426784 
791010 274529 956551 991257 331912 287106 
671699 356103 616963 913616 325672 14920 
210984 337646 343044 923929 46555 31450 
738612 902294 289458 814144 417786 924189 
891879 786409 381274 529296 930874 961040 
481153 737848 761441 683221 917011 600455 
414445 28235 832015 133686 69627 729964 
114913 460621 623059 247340 851909 468609 
242080 517994 303955 885495 292044 525955 
529707 371047 724856 896769 745789 420060 
80725 801329 858357 39639 274274 599826 
509506 865747 609218 367785 346114 527972 
799865 635890 268492 81209 635267 760881 
819033 466688 892369 422758 538511 991208 
972832 822942 361196 61698 634616 989990 
576139 417985 38655 184859 592598 214624 
430647 317597 86089 5922 676379 861538 
174110 409525 666193 345894 638491 379056 
484107 701504 96500 49211 683840 405328 
496669 908366 527043 798165 706545 831634 
245885 344155 811896 999715 400012 191441 
947096 409719 671414 448761 26267 487000 
832779 296504 906905 732173 252759 187533 
326978 771415 366337 313886 483146 558871 
607044 46958 500337 777869 461447 724268 
859950 339899 177370 613925 511095 233704 
948559 490136 338160 604864 760691 487914 
297774 851352 238632 580976 226406 376656 
841568 578986 82358 121681 442040 927440 
48976 295670 72879 511235 626047 467720 
174529 696998 964631 631137 490020 8646 
297725 945969 841694 457396 58832 971231 
564865 521780 596339 201351 913860 511566 
549753 448290 612160 375873 680939 844291 
961028 546519 180600 635710 466261 444052 
838202 249699 935365 444872 580385 87976 
331758 596164 756542 814053 953420 543977 
45422 87928 590900 787548 551585 144776 
924085 708117 599366 156007 941386 149271 
257557 390481 450616 847738 17208 617745 
944458 854692 314071 965315 68455 210326 
662335 704884 651341 637666 491246 712741 
567852 501627 970877 464687 320097 214053 
930154 943808 192525 745739 418625 596355 
643218 365679 105063 405790 608490 38779 
91203 419221 869091 719863 833161 397068 
988219 247956 45540 785065 141395 564581 
777152 471640 648723 662317 864689 341288 
882907 171283 937667 445906 516129 552818 
215263 184282 275948 629005 37334 104911 
642476 673376 941133 430892 580915 183313 
521861 456033 308628 361541 471622 89643 
119767 822992 844520 433568 328598 306180 
674110 505543 529207 941098 1567 283683 
527750 940751 519570 988881 356717 210037 
606677 965447 733651 327787 380234 155516 
95695 347575 531647 796774 31432 574511 
153945 246367 640043 39975 690972 522913 
203015 532932 639321 126384 406920 363567 
587380 569239 575118 948709 464656 683210 
127081 88876 819354 475498 560819 168032 
286319 574312 757322 759404 72555 313985 
162345 904596 688591 643303 736611 475694 
524558 984000 262587 91185 355188 219975 
70690 949797 593971 79505 513166 869178 
54476 850026 258611 448373 450775 330974 
562784 509445 916462 984659 262969 938292 
929276 648211 922189 206521 183773 196520 
702675 830122 383090 80352 982854 907470 
32517 745392 946074 490512 233171 452405 
831385 957712 750138 999701 593183 549716 
629888 235780 33070 201564 390205 887331 
678191 115027 816167 540611 484102 569825 
735032 504647 502800 302813 155198 627494 
313724 442336 347775 588048 392963 98421 
553798 652008 276293 372524 76686 460400 
790594 59022 572298 373763 985137 423594 
664847 566971 373120 464270 763935 615026 
593129 399186 988051 844710 414638 7310 
490212 388534 565041 746155 688534 401609 
273586 811735 802881 150158 227173 863698 
835581 816925 174383 337830 229737 392316 
13565 919667 130200 918334 817793 612584 
763481 623559 973514 500814 178082 136618 
59903 671294 11672 852339 355256 858355 
340222 755904 185146 245946 594807 409802 
599628 208582 599289 901698 223354 635552 
859344 665302 860326 62907 662732 514834 
913029 673189 474121 570403 454845 302298 
191577 716216 828057 625971 321552 292737 
5287 520828 133995 496153 582575 126882 
819549 313728 600528 167883 582648 236289 
941176 278528 156469 296563 846207 6469 
946336 759322 664097 909002 188962 750125 
853206 143930 588076 44274 140176 212016 
569726 759366 282897 71241 35921 186169 
565926 839316 875175 149717 847235 998630 
992557 25087 871676 662923 307273 951799 
621790 950807 638022 858938 808168 569562 
348314 278663 734697 736177 709712 838526 
556471 827577 552534 898595 239433 650527 
164581 83010 205042 118483 704840 90157 
919995 807963 623628 697633 410459 342340 
23107 136711 816277 596019 283892 398550 
366318 290841 892002 375253 286794 41477 
234615 10814 305762 941907 474702 640702 
397092 786498 233626 228314 914408 560931 
510901 875243 827658 914734 383113 872266 
311272 435631 527381 114182 424121 808541 
694493 738258 149320 152587 577969 333308 
137485 969336 719831 478232 658598 849153 
854807 717115 544887 95414 4516 522019 
816219 696521 953378 794420 808453 829922 
323416 901149 906936 64016 171380 169625 
605855 309403 423285 427730 671625 847605 
590713 595040 831301 946703 202595 73710 
656918 707911 348840 592957 270676 876030 
131511 10882 768095 625032 894723 453163 
76800 336061 760494 934720 753949 592044 
191891 900900 292121 674927 318960 575418 
953734 508570 246830 64100 24200 268941 
340175 519910 138311 935401 429875 647913 
167312 436063 435079 159388 862665 534052 
661643 968821 454223 479809 677821 436693 
697326 446918 359399 987210 136508 842654 
631810 620142 314514 97726 441350 521964 
178728 358776 895503 84322 313036 952812 
920429 386850 356607 762077 182024 720979 
10028 781473 434990 173813 397254 212595 
85435 800258 38972 290723 251748 531631 
238876 380652 193952 90258 117314 937766 
125747 765981 232762 805842 408536 395784 
988474 89043 348234 833357 72949 823676 
212271 689805 57501 539140 476834 444112 
393080 617366 599131 414826 93598 640197 
705789 137336 799244 843805 702652 830602 
760744 420053 141225 916571 284882 863264 
795164 360443 862691 999138 671037 338574 
113797 868288 170479 303725 959535 223120 
165465 567786 333947 77744 203665 735856 
815461 421170 156135 786377 58530 344437 
463052 118906 401243 755919 920158 347977 
449541 44966 451985 788191 432734 659358 
308475 867271 800773 284844 937147 676886 
550326 263113 834887 108005 193890 451523 
490834 419706 878055 519597 472022 968517 
555377 726263 397507 348102 789484 388952 
255364 820876 918181 925287 804970 987735 
619196 975050 673783 404895 389384 392645 
779017 450862 817543 429556 258722 322472 
618816 153876 212368 945195 693815 652795 
812093 350993 702540 370920 350805 983634 
256817 581173 290383 303943 451782 875817 
76571 268361 325651 867050 267302 456312 
472993 897231 731661 558999 680629 114324 
683868 159061 466090 244903 307713 300199 
599338 753631 362833 25360 810185 254988 
243766 119362 979070 496681 544885 931870 
464894 520878 751448 795864 296119 905474 
982396 247286 770022 304142 505145 42039 
982805 267245 861417 291536 257461 492287 
148503 24146 268051 805725 578566 66343 
814266 123238 620827 471995 874022 40952 
324584 619639 573792 744699 842389 322472 
972795 167319 907757 370494 905385 836165 
334466 976945 856826 508227 45566 166078 
352563 372897 388744 962703 837447 28089 
17679 249529 386421 167100 751670 261535 
612733 713958 519132 427700 736128 188307 
920263 852701 521011 928876 276716 683316 
705983 955642 320349 940649 271737 640475 
767759 153283 264697 500433 482631 443780 
427289 641592 451489 113771 879756 179088 
486589 13907 879000 702584 882630 485305 
789297 559740 329696 634139 952564 581957 
43758 780987 875964 841199 67645 554307 
567845 790264 833552 96514 180827 704595 
742664 904084 659805 370396 602032 567968 
623444 983527 404259 27579 357130 954161 
54938 697451 129353 303160 332310 182278 
285457 32103 444518 976248 636980 920489 
944918 144226 525522 849694 127412 711008 
42093 241963 647168 682275 668968 74284 
283311 6077 20513 343237 10000 

0 0 0 0 0 0 0 0 0 0 0 0 0 0 0 0 0 0 0 0 0 
0 0 0 0 0 0 0 0 0 0 0 0 0 0 0 0 0 0 0 0 0 
0 0 0 0 0 0 0 0 0 0 0 0 0 0 0 0 0 0 0 0 0 
0 0 0 0 0 0 0 0 0 0 0 0 0 0 0 0 0 0 0 0 0 
0 0 0 0 0 0 0 0 0 0 0 0 0 0 0 0 0 0 0 0 0 
0 0 0 0 0 0 0 0 0 0 0 0 0 0 0 0 0 0 0 0 0 
0 0 0 0 0 0 0 0 0 0 0 0 0 0 0 0 0 0 0 0 0 
0 0 0 0 0 0 0 0 0 0 0 0 0 0 0 0 0 0 0 0 0 
0 0 0 0 0 0 0 0 0 0 0 0 0 0 0 0 0 0 0 0 0 
0 0 0 0 0 0 0 0 0 0 0 0 0 0 0 0 0 0 0 0 0 
0 0 0 0 0 0 0 0 0 0 0 0 0 0 0 0 0 0 0 0 0 
0 0 0 0 0 0 0 0 0 0 0 0 0 0 0 0 0 0 0 0 0 
0 0 0 0 256 
8 