

0 0 2 11 11 13 14 15 19 22 25 
25 26 28 28 31 35 36 37 39 43 45 
45 45 47 50 51 53 55 56 58 60 61 
63 66 69 70 70 72 75 75 77 78 80 
84 86 90 91 95 96 98 98 100 102 107 
108 113 113 114 117 119 122 123 128 129 132 
134 136 137 138 140 141 143 145 146 148 151 
153 156 157 158 161 166 167 167 171 173 173 
175 177 180 181 182 186 188 191 193 196 198 
200 203 208 213 215 219 221 223 225 228 231 
232 235 235 236 238 243 244 247 248 250 252 
252 255 257 259 261 262 266 268 268 268 268 
269 270 272 273 273 274 279 279 280 280 284 
284 285 285 287 289 291 294 296 298 302 306 
307 309 310 311 314 317 318 321 323 324 328 
329 331 337 338 339 341 344 345 348 349 349 
349 349 349 352 353 356 357 360 360 364 366 
367 367 369 370 371 373 376 379 382 384 385 
385 386 387 389 391 394 396 397 397 399 401 
404 406 408 411 412 414 418 419 421 424 429 
431 432 433 436 440 441 443 445 447 448 451 
456 458 459 461 463 465 467 470 472 475 482 
485 488 491 491 494 494 499 500 502 504 507 
511 516 520 524 526 527 528 531 536 540 543 
543 543 545 549 552 559 561 563 567 567 570 
572 573 576 577 579 581 584 586 588 590 591 
593 595 597 598 602 602 608 608 609 610 615 
617 622 624 627 630 631 635 635 638 639 641 
643 648 652 655 656 657 660 662 665 666 668 
672 675 677 681 683 684 685 686 687 692 694 
696 699 700 702 703 704 706 710 714 716 717 
720 721 722 724 726 728 730 733 737 738 740 
743 745 748 751 753 753 754 756 756 758 761 
762 762 765 765 766 769 771 774 776 778 780 
780 780 782 784 786 787 789 791 793 794 794 
799 799 800 800 800 801 805 809 812 816 817 
819 820 823 825 826 401 


21 95 7 28 35 68 70 73 75 77 97 
70 74 84 44 4 31 35 53 0 58 81 
40 65 78 56 40 41 5 80 83 37 66 
68 81 31 60 51 73 21 23 45 60 56 
74 9 98 20 33 99 69 18 32 85 98 
94 42 64 56 88 85 18 56 7 12 33 
15 23 92 81 92 99 37 67 94 2 58 
23 15 88 9 71 73 81 6 43 0 2 
5 32 21 8 52 66 71 38 4 5 0 
81 16 59 12 51 86 89 91 78 19 35 
68 71 98 39 38 61 85 69 94 22 39 
46 83 30 35 61 62 66 46 9 77 88 
37 56 1 49 67 15 51 98 17 9 35 
6 58 47 42 54 29 50 91 40 84 6 
40 80 81 13 17 68 84 20 65 84 97 
98 22 20 22 60 73 7 31 56 93 25 
73 36 47 96 7 70 19 53 66 81 1 
47 6 37 71 52 63 37 69 78 89 92 
18 69 5 23 90 31 39 63 72 97 56 
63 70 86 90 12 26 28 37 38 49 24 
60 23 58 17 80 14 57 90 34 36 96 
70 21 37 91 1 72 81 2 26 54 85 
98 83 38 60 67 24 59 76 47 83 20 
57 76 0 70 11 85 2 57 66 12 34 
36 60 2 98 51 76 3 59 15 75 11 
27 34 63 76 45 32 75 77 91 69 82 
86 17 60 29 93 16 50 90 40 69 44 
75 4 7 33 44 32 75 87 98 59 25 
83 88 47 10 12 47 43 71 91 73 21 
54 62 24 83 74 20 32 57 76 13 44 
73 0 26 41 69 77 96 55 62 1 84 
3 34 44 49 17 23 52 78 9 21 63 
31 22 37 52 76 36 39 70 28 43 86 
99 3 5 45 76 92 28 46 24 46 6 
59 63 21 56 85 5 48 66 4 6 48 
34 55 7 48 18 98 7 25 62 73 89 
75 8 57 45 85 44 67 77 11 23 57 
74 28 81 91 78 29 48 51 62 72 75 
24 62 90 16 24 83 6 19 30 58 81 
43 68 19 43 68 81 99 21 30 74 76 
2 18 32 63 95 79 80 46 0 37 75 
11 48 54 89 97 45 63 94 6 81 17 
20 73 98 29 80 25 33 84 8 35 0 
19 75 2 9 16 26 88 93 94 19 48 
83 30 31 75 20 52 76 47 48 76 2 
24 37 46 73 30 1 3 59 89 5 42 
80 10 21 56 62 17 62 65 76 90 19 
41 79 92 22 51 76 88 26 95 17 88 
15 87 95 16 21 45 60 67 23 56 94 
96 43 88 95 12 98 26 39 43 47 13 
31 66 1 33 43 61 68 81 96 83 98 
0 2 31 38 70 77 61 64 91 45 49 
93 8 26 98 73 17 61 32 43 40 49 
51 65 87 71 98 24 63 63 63 87 28 
82 67 98 6 28 49 54 93 5 10 21 
29 40 62 68 84 4 67 78 89 96 47 
82 18 52 91 92 96 73 74 16 29 80 
4 75 98 83 10 45 86 92 13 34 97 
41 8 62 80 83 39 76 88 89 91 0 
11 81 86 33 34 39 23 85 33 55 65 
4 78 5 9 91 10 2 72 8 21 26 
87 32 78 89 14 54 28 34 61 86 49 
60 82 32 81 24 1 13 46 47 92 51 
81 11 30 2 24 87 14 37 68 74 55 
70 99 16 18 28 31 19 33 53 73 33 
87 52 48 61 95 25 87 7 81 8 44 
3 68 62 72 36 53 54 21 33 52 53 
11 29 74 12 24 62 37 85 17 52 73 
47 70 99 3 85 21 16 39 33 52 35 
45 76 38 5 45 89 8 1 75 92 0 
29 79 89 96 71 93 1 17 58 73 61 
85 17 82 1 16 57 9 57 27 49 15 
20 29 0 31 92 94 97 61 25 1 51 
59 95 43 51 53 83 12 20 96 37 77 
81 97 22 28 44 7 16 30 92 14 72 
33 826 


11 33 1 49 38 48 46 34 4 16 34 
6 31 43 48 49 18 21 20 24 18 43 
37 23 12 38 3 9 31 43 6 11 44 
24 29 35 18 44 36 13 3 37 43 44 
45 22 15 4 37 23 46 42 38 42 18 
45 40 18 7 22 4 15 41 46 23 11 
35 36 17 23 47 48 47 22 24 39 25 
25 27 43 1 4 2 41 15 14 3 4 
32 19 8 9 11 26 25 41 30 34 6 
21 11 15 34 12 7 13 38 23 21 11 
9 4 30 11 10 19 1 29 31 31 24 
16 21 8 34 26 11 30 42 14 16 36 
24 24 31 1 25 37 31 19 49 23 4 
6 45 27 16 29 10 44 41 12 40 5 
18 33 33 34 29 1 7 7 33 33 21 
14 8 23 40 47 17 33 32 27 30 23 
11 14 23 39 4 31 20 35 22 2 4 
43 46 34 45 22 19 40 26 48 47 21 
22 29 10 17 2 35 8 6 16 48 41 
35 17 7 24 37 15 45 48 14 36 9 
9 35 12 6 40 1 7 4 2 10 42 
38 8 23 26 43 32 17 18 14 47 25 
1 28 15 13 39 35 18 44 43 32 27 
25 3 47 23 27 9 37 21 47 10 16 
27 30 24 14 9 31 33 31 44 36 44 
17 45 25 33 11 48 16 8 19 10 40 
35 29 21 32 17 1 19 11 18 15 15 
48 5 8 36 19 49 40 39 9 11 25 
47 14 11 43 40 14 2 41 3 11 48 
26 6 5 5 10 5 18 20 23 32 29 
23 9 8 9 8 17 47 44 11 16 16 
3 25 25 12 28 7 44 25 16 5 16 
4 37 7 47 15 7 17 36 1 36 20 
2 17 45 41 33 32 17 36 28 49 42 
3 26 32 13 3 16 40 21 2 12 22 
46 49 36 8 23 41 31 11 34 3 23 
18 8 36 31 24 42 26 24 32 37 8 
22 25 44 38 42 22 27 22 30 23 27 
12 21 27 13 7 43 1 22 12 38 47 
8 23 41 39 24 32 3 9 33 30 33 
18 45 32 32 20 48 39 5 35 39 38 
41 46 32 38 21 28 7 9 2 1 8 
45 2 7 9 31 25 25 38 32 28 37 
47 35 49 42 6 34 43 11 33 44 47 
30 23 15 20 39 36 15 31 26 35 18 
4 28 38 21 23 40 32 13 9 42 17 
18 38 47 8 5 28 23 36 44 48 13 
49 25 31 31 31 10 42 25 2 3 32 
47 13 10 44 8 18 11 42 4 4 49 
28 38 23 16 3 49 14 14 31 40 41 
28 9 3 7 19 25 42 42 38 48 24 
20 48 19 48 3 13 38 17 1 27 27 
25 41 12 49 29 36 22 16 43 44 37 
19 36 30 32 22 47 21 43 9 47 44 
44 7 20 22 40 32 31 18 9 20 14 
43 43 49 27 30 7 10 46 29 42 7 
42 9 17 25 11 34 44 4 31 24 36 
7 35 17 36 28 3 40 6 44 36 15 
46 20 31 20 24 16 38 42 29 49 25 
16 13 13 8 40 27 28 35 21 6 15 
44 7 18 40 40 12 14 12 34 48 18 
22 33 21 19 12 42 18 6 22 27 23 
10 31 47 48 48 19 24 26 12 49 16 
19 28 1 23 3 10 39 7 16 41 44 
11 15 31 46 8 28 25 37 3 17 22 
20 5 36 33 38 15 21 17 31 30 10 
4 49 7 23 25 42 17 23 3 26 35 
5 33 10 15 35 10 3 41 19 43 15 
31 32 16 24 26 40 38 34 47 49 9 
10 28 39 39 11 7 13 26 19 38 7 
32 14 42 46 30 40 14 22 17 16 47 
42 37 4 43 32 24 41 47 6 48 49 
40 15 25 34 29 1 37 6 8 31 15 
42 29 46 19 22 4 38 37 9 22 20 
7 9 4 30 29 25 31 34 36 35 45 
21 826 


14 5 17 10 5 13 33 10 29 32 45 
36 15 17 5 8 46 16 39 37 15 13 
47 1 3 48 15 42 22 7 10 47 30 
17 23 45 32 25 5 22 39 18 30 41 
1 24 19 5 24 10 27 8 17 39 11 
23 32 8 6 28 11 13 26 49 31 46 
11 9 9 9 27 25 28 7 32 1 1 
27 22 3 25 12 10 9 20 45 13 23 
42 48 37 19 49 40 35 40 5 15 45 
42 100 

0 0 0 0 0 0 0 0 0 0 0 0 0 0 0 0 0 0 0 0 0 
0 0 0 0 0 0 0 0 0 0 0 0 0 0 0 0 0 0 0 0 0 
0 0 0 0 0 0 0 0 0 0 0 0 0 0 0 0 0 0 0 0 0 
0 0 0 0 0 0 0 0 0 0 0 0 0 0 0 0 0 0 0 0 0 
0 0 0 0 0 0 0 0 0 0 0 0 0 0 0 0 0 0 0 0 0 
0 0 0 0 0 0 0 0 0 0 0 0 0 0 0 0 0 0 0 0 0 
0 0 0 0 0 0 0 0 0 0 0 0 0 0 0 0 0 0 0 0 0 
0 0 0 0 0 0 0 0 0 0 0 0 0 0 0 0 0 0 0 0 0 
0 0 0 0 0 0 0 0 0 0 0 0 0 0 0 0 0 0 0 0 0 
0 0 0 0 0 0 0 0 0 0 0 0 0 0 0 0 0 0 0 0 0 
0 0 0 0 0 0 0 0 0 0 0 0 0 0 0 0 0 0 0 0 0 
0 0 0 0 0 0 0 0 0 0 0 0 0 0 0 0 0 0 0 0 0 
0 0 0 0 0 0 0 0 0 0 0 0 0 0 0 0 0 0 0 0 0 
0 0 0 0 0 0 0 0 0 0 0 0 0 0 0 0 0 0 0 0 0 
0 0 0 0 0 0 0 0 0 0 0 0 0 0 0 0 0 0 0 0 0 
0 0 0 0 0 0 0 0 0 0 0 0 0 0 0 0 0 0 0 0 0 
0 0 0 0 0 0 0 0 0 0 0 0 0 0 0 0 0 0 0 0 0 
0 0 0 0 0 0 0 0 0 0 0 0 0 0 0 0 0 0 0 0 0 
0 0 0 0 0 0 0 0 0 0 0 0 0 0 0 0 0 0 0 0 0 
0 400 
