0
1463
5656
0
1154
860
48
2816
960
2765
0
1216
279
0
1532
1323
1645
198
604
1533
2848
0
0
1379
1655
414
2778
2700
1575
1758
1148
180
1897
992
1149
276
0
4319
2213
0
813
25
2022
638
1069
1096
104
1359
205
592
0
336
926
2043
506
2803
0
242
342
1346
2289
189
2564
798
2392
1368
165
225
296
1103
784
916
468
135
799
2037
1268
1692
396
578
613
3228
376
0
2861
1834
0
2064
1181
758
40
837
2371
235
3493
1305
2290
3285
1119
221
3283
4465
780
2620
126
107
1096
209
576
1026
1173
0
215
1100
2203
252
569
105
548
503
0
608
1279
1377
797
517
1712
1038
0
0
0
72
31
1198
352
0
36
4591
0
264
0
2033
0
90
0
855
695
904
966
837
63
736
2812
308
1623
588
55
2605
1164
77
1066
60
320
798
544
190
1174
1012
286
400
630
120
1203
550
0
0
0
0
1361
188
2713
15
1570
0
1842
755
984
0
1601
374
684
1015
2744
967
1399
406
528
0
1058
1127
552
2742
1722
1125
18
0
520
1824
924
1189
768
1800
924
802
1627
36
1545
1006
1759
535
1517
1599
726
1440
306
2715
2368
1119
95
1503
5071
1015
315
78
803
329
838
2385
2188
2292
6364
3026
955
1212
0
814
0
1887
230
520
796
1506
2707
4522
2957
3479
455
48
1344
1075
3059
1987
3164
0
0
2250
1989
2112
2310
1512
1096
1565
0
1040
918
1000
3574
203
862
2243
2238
2346
1790
1170
2107
1522
1408
963
726
2261
0
4451
0
243
600
2739
455
1824
436
2494
835
324
2146
0
1801
828
1386
716
4477
1251
1650
28
1575
1185
374
2274
540
574
2386
2364
522
1171
340
310
1410
576
144
3458
356
1018
630
195
319
1312
1012
927
4712
1790
834
85
2813
720
483
542
880
481
826
2625
2157
180
551
590
1920
1140
1691
1410
0
520
2496
0
1632
673
195
0
1107
0
377
2011
322
2288
2350
422
214
0
0
2501
632
1687
192
1688
732
992
105
0
3959
0
78
0
0
384
2611
2932
1170
1309
188
689
250
3530
1435
357
