

0 4 4 4 5 6 7 9 13 15 15 
17 18 20 22 27 29 31 33 34 35 39 
41 44 48 50 53 57 60 62 66 68 71 
73 74 75 78 80 83 84 87 91 91 94 
96 96 99 101 102 106 110 51 


28 29 43 68 55 90 96 9 55 59 68 
76 99 79 98 19 33 27 36 63 37 68 
19 26 40 42 55 51 71 90 93 2 90 
64 36 33 44 48 61 2 20 10 19 76 
54 64 65 70 42 90 38 41 83 33 47 
53 75 55 72 97 32 61 12 18 61 65 
79 91 8 40 79 22 55 22 92 0 11 
60 9 81 19 46 57 87 45 56 65 25 
29 53 55 0 76 81 12 82 22 37 76 
48 75 65 21 35 50 76 31 39 59 67 
110 


45 36 12 29 20 16 32 36 26 18 33 
6 14 22 24 22 46 44 35 25 10 46 
41 11 30 9 35 24 20 29 37 28 30 
10 10 3 46 3 14 47 34 8 28 45 
44 18 29 36 30 23 44 39 40 41 19 
9 17 30 33 37 1 31 8 47 33 34 
27 9 8 33 49 19 24 12 49 10 17 
23 24 43 22 17 16 4 35 43 3 48 
11 3 46 32 13 33 21 38 24 12 5 
4 34 18 49 41 10 24 35 17 48 40 
110 


37 36 16 12 1 34 37 13 3 36 13 
9 33 24 5 43 16 24 46 10 29 44 
6 4 22 25 12 23 11 8 39 32 26 
29 36 45 34 14 17 11 14 1 44 3 
38 19 48 40 36 18 41 45 28 5 35 
35 20 48 27 7 24 42 20 40 47 43 
12 35 3 24 5 23 6 29 32 28 27 
4 3 7 1 17 44 33 16 44 5 38 
13 17 18 24 37 44 27 34 36 25 22 
25 100 

0 0 0 0 0 0 0 0 0 0 0 0 0 0 0 0 0 0 0 0 0 
0 0 0 0 0 0 0 0 0 0 0 0 0 0 0 0 0 0 0 0 0 
0 0 0 0 0 0 0 0 50 
