
6528 8266 1244 4507 8018 8492 
1931 2952 1196 3806 4410 4229 
6269 1014 6556 9456 2005 8107 
4122 4383 5220 307 3995 6199 
2748 983 204 2750 9925 3 
6685 6536 3101 4298 488 6238 
7321 1255 1214 46 7101 7086 
5648 2395 8836 5280 5415 3812 
4957 4749 7392 1299 5602 3940 
8264 3228 1894 6518 4303 149 
3002 4297 3916 2948 6060 2120 
7437 2371 3052 5080 8633 3601 
2108 7253 6437 4451 2980 8731 
9647 2504 319 1632 7018 3866 
5318 1278 6070 4575 7127 3583 
3947 2399 7858 6209 9682 8017 
1215 6873 2192 6734 4511 6243 
9728 4583 1101 4535 6540 2769 
4449 7016 4808 1982 7249 4647 
11 1320 3828 3684 9754 6519 
7493 8916 867 5618 1760 2206 
6883 7890 7676 127 7812 3249 
2549 8333 4455 4866 3476 3689 
6058 250 9566 8877 9398 523 
7126 4101 1591 8914 4688 7643 
3129 9110 5939 1194 5547 609 
9785 884 6371 9324 6950 8239 
3742 4002 1747 186 1058 7350 
2934 6445 7746 3601 7424 4430 
652 6147 8322 96 5939 619 
6701 5942 8917 6306 6053 54 
920 4737 3744 3928 2933 6979 
1473 2909 5761 7444 7692 8349 
9636 3193 7493 4329 4776 3034 
938 6959 9888 1578 5769 8315 
738 183 7567 4986 1139 5757 
9119 2746 6061 6789 9131 9726 
8223 2442 4385 5902 1457 7756 
8869 362 1699 4205 8167 7439 
5889 2217 609 6642 2997 9011 
9040 2650 3561 2363 2924 1386 
4519 5627 6965 5916 5487 7473 
5548 9833 6100 5606 8603 3140 
9395 701 1890 807 5633 5895 
4079 6308 1520 6659 2553 4142 
8734 2740 6169 7297 7451 4394 
582 1979 9780 9314 2299 4878 
3985 9257 9751 670 6551 3996 
913 7556 4746 1579 5798 9109 
9235 7563 1777 6077 6378 1275 
9237 581 5681 639 586 5684 
2124 7640 9346 289 5024 5428 
374 5318 7863 9953 4882 4416 
7565 1869 6185 2259 6859 6970 
9718 3642 8030 2093 8289 7389 
1234 981 9083 1979 9824 9048 
9190 5222 9649 1241 7491 7487 
1230 150 3673 8022 1734 5646 
5007 9859 7467 9984 4838 563 
4105 3038 7814 1354 5236 9153 
5539 3255 7517 4118 6876 3733 
3520 3685 9889 8893 3981 1474 
5822 1433 5601 4028 9560 500 
4545 4787 2338 3133 2371 1352 
9484 3642 2552 5868 297 1800 
3066 2682 2284 3457 990 9840 
7647 4135 4133 1368 287 4540 
6869 8518 7687 4932 9039 5610 
7431 1634 6557 8677 2336 5823 
8698 9672 1183 2330 4621 1063 
7156 3065 7300 1789 9983 5981 
2953 105 1350 1460 2291 4951 
6772 5463 8428 4345 3569 1940 
3338 4931 5178 518 8141 4183 
8781 8384 3508 933 4052 3849 
4268 9972 3467 9376 4261 6750 
9967 9521 1347 1029 69 5632 
4286 3523 8405 8722 6918 4496 
8177 7580 9688 3149 1509 2915 
6133 9197 4157 6322 1781 9443 
2061 9849 3095 581 9185 4258 
6483 3952 9954 3008 6671 7206 
4274 9808 5978 5139 2964 9329 
8472 8142 5499 704 2427 8122 
8525 2716 8234 7499 5283 8169 
2337 8101 1616 1264 9348 7744 
523 8083 9825 4185 5371 1741 
1457 3394 639 5592 843 1034 
4151 1209 742 279 3906 1078 
4104 9919 4613 9271 2255 7429 
8852 6106 7995 2977 8896 6368 
8775 9017 3101 214 3874 9739 
5695 4078 2670 3741 689 59 
3988 7771 1073 9580 2850 2207 
2747 7343 6611 6863 9488 6999 
6121 5248 7747 3896 8969 5769 
6753 8223 5539 1714 330 2031 
9212 5803 1824 8486 4138 2153 
4779 8174 4091 3723 5110 9039 
8194 4955 9802 3265 4688 7727 
4964 8048 11 2431 7142 6536 
4141 5170 5431 9104 6892 5457 
5335 4419 3489 5261 1172 89 
2727 8204 9474 3364 3874 6174 
2714 6838 4618 5710 8594 7456 
7138 3652 7045 7365 4793 3063 
6910 4510 2749 5167 6358 1478 
727 6873 7288 1669 7894 4132 
7565 8651 9147 7001 394 5378 
4047 871 3010 1861 6493 6124 
88 3135 6895 9856 7269 2572 
4232 4218 8418 2461 4891 6838 
1779 3271 7575 5327 5744 8906 
7968 6774 1441 511 4250 5540 
214 8059 3076 2332 5664 7729 
5935 8217 6944 5155 2442 5191 
9033 4360 907 1982 6548 8825 
9868 8841 2736 9798 9264 7973 
5748 2278 4801 7125 4035 75 
9143 9250 6603 3460 2182 6463 
3690 8204 4165 4986 6749 4223 
9846 2431 9638 6413 8615 3159 
7177 5415 7684 461 4787 9735 
9319 1377 120 6316 2350 5254 
5512 6322 2566 9734 28 6944 
3465 1237 9219 2011 5650 3890 
6996 8392 8857 4634 831 7487 
1183 3431 5300 4187 2967 8070 
3951 5310 7183 7862 623 9601 
7962 9004 6962 5096 8428 6228 
8671 2964 3249 3458 1503 4547 
9562 4230 4312 9042 2437 2125 
6024 5842 9528 6756 5770 5032 
9481 3064 9320 862 669 1129 
9966 3816 7947 3645 1062 4657 
7900 1904 2262 8308 2210 7913 
5058 8998 1442 9288 2735 8720 
2127 5676 9653 5834 7957 9441 
6703 4275 3278 2278 2387 7517 
9396 4845 2680 2054 7428 1211 
6473 5249 4379 4831 1269 6962 
9776 5455 6512 7065 9341 1294 
8250 1590 7660 2059 2266 1323 
1418 5330 775 3247 8202 5541 
1266 9054 7401 4150 4131 638 
649 5963 1838 4508 4892 132 
3250 5029 3551 1704 5246 1921 
9232 331 9424 8441 8062 4861 
9643 5017 4700 8508 133 2289 
1105 985 6923 8229 4031 8248 
7457 5476 3677 5073 5417 2422 
6131 451 766 2911 7474 4552 
8959 640 3262 5252 9827 8077 
5002 5911 2109 8152 7038 7922 
6621 4700 8470 198 7120 2662 
8602 5912 1350 1118 4854 1776 
9598 1316 2341 3025 1072 9188 
7839 8771 9510 8876 5260 9228 
8440 5845 451 8317 6115 5164 
6100 472 5365 5173 8975 3152 
6023 4693 6863 7609 5895 7982 
470 8222 4001 2552 3365 2353 
7482 3658 2504 3884 41 8775 
3677 4727 2675 6789 2943 3763 
2369 7066 3731 2499 5679 7359 
1230 3658 4227 2694 4865 9599 
8168 408 9010 9021 6039 2727 
4552 1367 4145 2994 7027 6441 
5067 6311 4613 4073 9367 6882 
3553 3180 7995 1444 6351 1365 
752 7679 3816 3785 4440 9053 
8420 62 5085 1121 2382 5442 
5474 4949 8577 1719 8041 5586 
7762 6492 1857 9966 4857 5655 
1224 3344 8716 6270 773 3055 
1834 3685 2763 3800 5906 689 
299 5023 6189 8139 3305 3804 
6782 5712 1160 7718 3717 3510 
8965 6158 2698 2937 1133 7202 
5132 2196 4764 2226 8182 4395 
7411 5631 2810 116 549 175 
174 5926 9070 6014 9296 5001 
6257 2910 6774 5965 1644 9711 
390 3319 2154 2393 5615 6854 
7301 1206 1475 2788 7349 493 
7089 5032 2010 4153 3731 9384 
7042 7304 9953 1771 1959 8095 
9167 8780 5640 3467 7242 7291 
658 5938 3211 1550 651 1352 
7973 2613 8811 4605 4113 8875 
2200 7124 7779 7832 5852 6703 
6120 3459 4917 9126 4207 21 
7481 2358 6369 5993 1811 8118 
1262 735 3902 6980 5893 3616 
9501 2350 6016 2523 7237 5229 
3530 4814 2376 2492 5598 6705 
4687 8422 5837 204 3779 4957 
8379 1448 6904 7783 3191 5059 
9462 5923 7733 1101 581 1482 
8970 2192 9684 8816 1012 1148 
1894 9769 1331 4272 3674 3928 
919 4453 1926 4227 3927 8932 
9072 7666 1435 7736 7352 8199 
2647 9966 7844 7575 8453 9641 
1641 3478 7534 7906 5636 8369 
3764 2076 5875 6789 3823 8501 
2850 8621 5154 729 5557 4568 
4073 737 9007 8281 9586 5832 
621 7864 1221 1438 6978 4134 
4129 4614 7488 3933 4612 1098 
8864 9174 6854 3550 9518 8453 
2979 7618 1236 2830 6499 1601 
1105 3483 3640 9846 6869 8725 
2563 7614 4124 1967 1667 8248 
4884 1235 5244 2489 5917 5348 
7280 1069 3389 6274 8444 8440 
9756 8076 2002 234 8019 6544 
3454 672 4652 3454 5783 3511 
3093 1803 5764 3724 7671 7633 
6872 1567 8094 9651 9163 1734 
8580 9501 2871 990 4574 682 
8284 2940 8786 3568 2864 9617 
7283 7159 2535 1691 4492 9735 
8922 2809 9077 8366 2103 7191 
5908 6192 2805 3927 7651 1193 
2082 9825 1449 8398 5340 2065 
600 210 3512 558 7667 5876 
3858 8331 9178 4949 1057 135 
387 1480 2566 3855 8999 915 
7041 5939 7526 5025 7952 277 
9335 6505 6278 2845 32 9290 
4307 7002 8271 4813 3957 372 
5603 2380 5467 3869 250 1345 
4114 1685 7559 2471 7918 6285 
6079 4381 4262 4947 2017 7961 
9261 7420 6672 9145 4089 4784 
2238 5476 9793 8270 6054 4623 
8055 6784 1446 3404 9904 9114 
2632 3325 9324 3212 4763 6630 
7543 3911 3202 4161 1819 8252 
3081 7946 8079 5424 1808 2362 
719 6588 7062 8610 6921 128 
514 5325 1090 3687 1824 6504 
8964 8390 5783 8046 373 6303 
8035 7851 628 1826 676 3218 
8802 6946 9699 170 4378 5653 
1755 6771 4846 4917 2555 3942 
7136 1797 6327 5147 3114 8237 
5014 5636 3787 8342 5452 3591 
4671 1281 9348 2729 9193 1089 
3897 7381 7199 7961 4673 4619 
2034 768 6407 9766 4265 3489 
3267 8022 7625 2639 3336 1084 
7299 6326 1563 1748 6458 6157 
6955 2524 7919 3911 3760 2067 
9899 9864 5316 9581 4152 8853 
8137 1923 9565 6756 9894 8663 
3940 339 737 8517 1849 3892 
9898 5925 9857 7670 2418 6492 
1748 4511 8375 3586 8329 5285 
1357 959 3149 7548 2794 8767 
7632 6889 414 3093 9212 5173 
6428 5467 5442 510 4282 7175 
2739 3351 2449 8841 2280 2592 
161 7232 6238 6560 9973 9709 
5041 7918 1454 4672 5092 5472 
9422 1406 634 2506 9716 9844 
7845 3768 4207 6293 681 3719 
3888 575 651 2957 4881 8796 
4075 3833 2331 7061 6507 3061 
7033 528 9723 4344 2407 3242 
8675 4120 7030 7535 8924 7884 
5679 710 3499 9072 6369 7962 
8779 6497 7993 3075 1286 2985 
5085 2340 6064 5589 5029 4349 
2128 8721 1750 6752 4251 9893 
44 9168 5838 4216 6692 3174 
808 8003 9491 3950 2787 6561 
4614 6414 4413 4850 1607 3766 
9303 7247 2249 7858 4297 279 
625 1773 4895 4200 3969 4432 
9813 9866 8177 4632 8762 4325 
2796 8102 7764 3298 2565 5439 
8544 8191 4468 532 5907 1260 
5552 3052 3667 435 4026 4221 
3467 9717 6436 5817 159 7470 
8253 149 5612 1834 7611 53 
9419 1506 9651 947 9922 3855 
7335 7951 8342 5615 4013 6848 
6418 4228 2519 5945 5037 2826 
1748 9526 7290 6017 3987 4806 
9921 1640 3456 7986 3590 8683 
4524 4875 2899 7411 8941 9634 
9447 4252 2015 8929 6762 5492 
6165 4247 8524 9198 593 5793 
6777 7126 9979 596 4042 9488 
6529 4710 1564 8489 8492 2828 
1925 7599 2890 4286 2568 6620 
1485 6439 6327 7246 6528 1545 
6896 8466 4417 4013 1093 6734 
4416 1208 6124 4446 3298 2569 
9759 9909 4322 9022 6577 2246 
2629 1799 6191 2635 7080 9922 
8990 8658 2553 4757 3686 9048 
3342 4251 5482 6717 7525 3653 
3075 3847 3945 7890 4505 9699 
3774 185 4829 5734 5594 8035 
8566 7057 96 7557 9414 515 
394 2859 5272 8472 7010 4001 
2808 1552 4077 8075 7278 3418 
1317 8644 6985 4335 4369 4595 
5189 2619 4723 3641 7432 7621 
3246 9607 6670 1184 9073 4205 
4383 3531 1893 7069 8890 9779 
3439 1870 4161 6152 8178 7132 
9536 1452 8628 2541 1898 6040 
2795 351 4675 9833 7860 1660 
3892 1655 5600 2991 6494 9478 
8780 5041 3790 7574 7387 1388 
6281 9573 1730 8273 2468 8293 
6543 4868 4643 3352 1639 8789 
3436 6054 9755 6762 6951 5377 
1334 1847 4116 3248 1014 6720 
1865 5160 8244 3877 2743 3609 
1441 188 7560 6452 2352 5677 
743 2538 3578 3638 5707 8608 
3409 3343 9729 6623 9109 9672 
4070 3224 3037 7310 3950 9908 
1939 6972 452 7305 6686 8206 
1822 8872 7180 2561 2251 4563 
3692 5703 940 8365 7718 22 
6653 7610 6280 8304 8847 3445 
2077 7805 9715 9056 2780 5156 
8964 4566 7435 1769 6690 2093 
6525 5920 4263 5975 6159 4800 
7719 3255 123 3090 9929 1200 
8743 9705 1612 249 8525 7307 
3960 4685 8728 3469 3555 4064 
824 4910 6924 6011 8786 1994 
6551 2472 7191 238 6517 9033 
638 5851 6032 2355 849 8611 
6800 5816 7089 2801 5181 2098 
8951 1669 5505 3323 9816 1997 
5881 8105 8916 5967 5464 5415 
2620 5538 696 7119 8717 7245 
110 9588 5917 8775 6232 1259 
6769 173 2534 505 6296 515 
8323 5255 424 4898 2030 6563 
5267 6079 4921 9361 3909 7803 
2909 782 781 8279 2168 517 
2502 6224 4164 4010 5889 3544 
4917 9187 7312 293 1135 2663 
6641 7651 7026 4878 8773 8772 
1555 5881 1244 600 4312 523 
6719 2872 5119 9252 3242 7227 
3291 4094 7380 4492 8413 9760 
6076 6531 587 5600 4210 2575 
7711 4341 8127 101 4719 4971 
3329 7794 3508 2240 8327 6012 
8777 9835 4806 6711 3842 3804 
2102 8756 6294 5774 6508 9364 
395 7849 9764 4170 9821 3541 
7130 8206 7898 2729 8437 2781 
1085 3504 7298 6142 4821 3837 
984 320 2673 2197 8925 5343 
970 2411 1589 757 3133 2474 
9441 6637 6787 9435 796 3314 
2639 6790 4493 6054 3412 6949 
2953 2543 8289 1395 9897 2876 
2953 1716 980 9734 4979 3358 
5417 2577 5243 8629 6315 3522 
6211 5477 1496 5258 8105 9560 
2984 9408 8054 2775 607 892 
8001 9101 5951 6000 894 6087 
6445 9905 8486 3320 8301 9699 
4323 9577 6285 5556 5800 1246 
3644 7390 2076 3347 1013 9328 
5649 7861 3612 5814 4085 9165 
2579 5220 5876 9479 8585 1506 
4952 7361 9264 6993 9230 399 
745 7292 8694 3083 1166 6554 
8055 5241 9036 9807 476 6777 
8363 1826 7231 8998 716 7450 
8913 3515 4366 2049 8787 8981 
2524 5114 2676 3156 1127 5199 
8503 5659 3595 339 2479 3126 
2624 5719 8427 9099 7136 4808 
2744 3674 7584 4725 1623 9230 
3516 7326 2029 9429 9908 5752 
7328 7468 1309 2445 4389 2084 
9525 8176 4787 9185 1607 2510 
7251 9056 1447 3728 7623 1672 
3258 3677 1076 2666 5029 5420 
6253 6371 4993 8216 7341 1056 
3144 2924 3601 4720 1823 8301 
656 7845 767 8247 4743 1028 
2161 8767 9877 877 6214 2664 
6432 676 8736 5202 4307 7661 
8897 1308 917 1287 7358 2890 
7222 5167 7247 9554 936 165 
9030 4784 1688 331 2073 3177 
4903 730 4109 1260 730 8175 
5569 9524 1002 4643 8421 5467 
6473 7176 358 7977 7442 1839 
8039 2058 3099 3334 8028 8205 
5786 494 4470 9976 5985 8635 
4566 3001 1175 5717 3456 9352 
7461 5596 2062 4296 6986 7192 
2173 5228 8219 4718 7320 1894 
6314 8494 8560 874 7809 8857 
7381 8802 6683 769 9779 6891 
848 7096 4139 9564 4331 9466 
4605 8070 3338 4919 8687 663 
7762 296 2973 4249 7340 3123 
3453 4951 6543 5898 2861 4096 
9083 2157 3723 6596 1839 1520 
321 6635 3880 8663 2268 5045 
599 6653 9383 1772 6686 7332 
6057 469 5046 6215 9015 2278 
2176 1708 1719 5265 6022 3413 
3234 1695 5741 1733 6949 9272 
9098 9343 5733 6430 4606 9530 
364 2377 9183 3474 3524 6221 
7588 5832 5919 7031 9116 2073 
673 4151 4140 5484 3050 1592 
2548 3508 164 6634 428 2645 
4965 8529 3712 2548 3281 9958 
7077 9335 2064 7355 6647 4140 
4439 4812 160 646 7190 3153 
2359 1345 8606 6256 387 9079 
7772 8719 8843 5339 726 5815 
5051 5154 3792 2564 3061 4881 
7195 7161 7057 5202 5404 4400 
9986 2544 1045 1583 7623 4786 
2802 7174 555 6917 6865 3349 
5626 961 1343 9051 144 7245 
9003 1545 63 3583 2906 3972 
7308 5260 1750 1769 5735 7821 
1299 1436 342 4562 9472 121 
3885 5329 1766 4539 3835 1175 
4321 1322 1236 9535 1783 2463 
4839 5264 6953 6052 91 3584 
5078 3958 3355 3687 2086 3820 
8010 3150 1786 3698 8101 6470 
6238 6430 6036 2933 1239 1987 
8205 7676 2015 4915 4597 9540 
1546 4240 371 5958 4580 987 
5171 441 4169 206 260 5878 
8912 8021 5423 728 6325 2198 
1220 4944 3649 8769 8771 868 
6505 9027 9315 9847 736 2197 
194 9508 9178 9393 5034 9044 
7726 7396 2924 7663 118 7407 
7836 9615 806 7096 6489 320 
1639 2061 3303 2227 7263 5912 
4427 9442 9071 6622 4226 8430 
3449 9522 7278 2227 5435 9655 
4895 5150 7068 3378 9978 6613 
1890 4157 488 3444 4062 2872 
1549 4232 6789 923 8418 180 
3691 1430 242 3585 926 6809 
9887 1491 2652 5023 6606 9782 
3778 4965 8501 9719 5667 9385 
6095 1839 1265 7918 2330 634 
2955 2219 7854 3494 7314 6259 
265 8551 9642 4639 8523 7735 
3258 3175 1356 1419 3423 7169 
9141 4432 8963 6816 2130 9348 
8534 1341 9441 1090 7414 7411 
263 8309 2017 4500 2816 4173 
9076 1017 9024 9424 5774 7575 
1451 8327 5926 3085 1470 8953 
4085 906 9368 2310 834 5147 
1992 1561 6297 8562 900 1969 
311 4722 6563 889 500 5639 
6424 2146 5757 9123 2427 3186 
3676 4978 7733 4534 8567 2655 
6473 547 5394 6175 6922 2826 
802 5211 1452 9722 8992 5036 
9403 9632 4101 4015 1186 5065 
8968 6408 185 8008 3361 98 
1934 6082 2121 5716 7534 2022 
689 8064 8496 6411 4523 1301 
9999 4546 5416 4468 8850 8683 
9487 911 9274 179 1207 4541 
5479 9082 3489 7323 7943 8547 
6485 7212 7596 5636 88 5457 
2089 8733 1639 6788 6025 3782 
8498 9566 3564 2305 6136 3913 
6686 7327 2442 47 214 9679 
847 5553 2776 9088 7364 6004 
3095 2135 9821 277 1675 492 
9197 7133 6058 5311 6734 3408 
135 9928 7037 2560 8388 7148 
9029 3086 6004 2795 4662 7904 
3890 1591 1938 4814 4168 5071 
5044 6551 3213 4201 6845 80 
7293 8942 2780 6300 1862 1326 
5145 2632 6013 1189 1999 7645 
3947 1974 8788 4104 4840 7139 
1110 3478 5058 5231 6771 1593 
8330 5882 6293 440 2011 6620 
9272 4770 3144 3629 7065 3347 
5808 1568 3005 1359 2145 4592 
2716 3963 6742 5539 5368 8427 
8222 939 9486 8998 5515 6411 
6359 4197 2883 71 9835 9563 
5079 2724 867 5167 526 9662 
4537 6948 797 2584 8270 793 
5589 6446 6056 5260 5177 3927 
7782 1706 2234 5831 9650 9074 
1 5344 3858 6583 2632 392 
890 3364 3765 693 257 8249 
3604 3365 9406 9908 9056 7659 
1744 2059 6814 8787 3303 438 
7159 8615 9570 5962 575 8586 
4182 1263 9398 369 2359 7619 
155 8722 9958 3655 9304 804 
2695 9831 3070 4310 1614 4359 
9438 971 6214 5513 624 4819 
3534 8091 2372 7414 1296 3486 
7891 3977 1214 8785 5888 8130 
6171 363 577 7224 2788 6232 
9572 1060 697 9739 2896 6356 
3756 2049 9465 7486 805 8150 
4751 3026 8399 657 3748 5656 
3091 778 56 1080 4751 3709 
2691 7688 7410 4950 8686 6528 
2534 4763 7966 201 9163 4425 
9550 4676 3020 3175 8296 8504 
7088 119 2783 5683 8000 2555 
7132 4849 1392 6916 9604 8362 
3483 6069 4818 7430 4319 9590 
7526 844 3106 9588 3961 7464 
7616 2086 6316 8010 3346 8411 
8892 8219 5949 3919 2996 1579 
8980 3341 5680 8742 2074 6541 
4329 2213 1816 9678 2657 4160 
311 5183 6637 1985 2811 6088 
7562 3236 445 9798 5357 7034 
8819 6787 9355 9725 1485 6227 
6802 3134 7359 2154 7858 9690 
7910 6348 92 6955 9257 221 
5621 1339 9198 8182 4342 4915 
7429 2553 5556 5521 1557 1276 
1239 7016 9169 3105 6169 7425 
4039 4422 6877 5840 9125 4472 
3833 7841 9464 3475 4225 5601 
3906 7460 1329 9369 8567 5983 
5351 1253 7237 9388 5179 2019 
2573 300 3260 231 5698 266 
6601 7948 8365 1021 2200 340 
970 5562 38 3328 563 7398 
300 2091 4311 3256 2154 4352 
6519 8813 3219 669 2509 518 
7828 7759 7193 7596 4530 8076 
8233 7619 319 5712 1748 108 
9001 479 5955 8132 5663 3162 
6140 1850 9857 3324 3533 46 
5539 5108 6546 6037 7997 7517 
2035 6249 2882 7656 5452 5005 
2683 1179 8042 5022 160 8755 
7391 2741 8738 7509 5923 7498 
4744 2899 4647 7650 7379 922 
3462 9720 5200 7719 5899 5178 
9002 8074 233 4570 3466 34 
507 3253 2748 8264 7321 1057 
3871 8392 7747 7759 1048 8634 
8589 5536 3683 3951 6616 4499 
3992 4535 1352 2972 4342 8479 
6439 6433 8047 6663 7157 2142 
4895 4002 3546 4296 2601 6663 
2618 6254 9600 5364 3940 8972 
1840 5234 1511 7689 1687 6483 
9426 2865 4403 9480 9302 9037 
4344 2463 2745 9773 8734 6026 
8042 1015 5189 747 7580 4425 
9622 4283 5906 7515 6952 6298 
5125 8704 6476 832 2613 7691 
1205 1730 5641 8479 8103 8624 
5012 4958 3579 5916 951 2131 
2572 2933 333 3163 1921 3153 
7478 6557 9943 1465 2292 7675 
8955 3006 7724 6656 5281 1577 
985 4521 7651 2608 9315 6801 
4633 8597 7382 2549 5346 2504 
2819 7174 8445 4397 8368 7212 
8294 1912 4412 5159 7136 6997 
787 9905 8779 2916 8106 6176 
7779 113 5448 5320 7237 7266 
322 9404 9454 3897 5137 8516 
529 7977 7969 1515 2549 70 
6489 8272 3801 9269 6546 3884 
661 7538 4421 787 9134 6113 
1510 3971 7493 8188 8663 6762 
2318 9163 5034 8308 360 737 
5831 8641 3837 2211 6758 1749 
8039 3347 8042 4681 7757 7371 
1307 432 1177 4166 6237 1044 
9112 9736 2642 8990 1837 2781 
9001 1572 9458 5631 3953 9532 
5324 7969 5054 8767 7593 1544 
9542 5097 5145 5146 2681 9613 
8359 478 379 8709 3602 6659 
2752 8599 1132 1821 1570 2164 
7022 7322 7154 9850 8518 1074 
6617 2025 3582 2205 9657 7954 
7226 9454 7413 2762 5454 9901 
7801 4063 8137 4739 5335 9986 
1746 6798 5056 3762 6030 5204 
8604 5194 7243 7237 8614 8240 
7293 7705 5366 2030 7330 7320 
4956 8573 6067 1976 5670 541 
1385 8833 2046 1170 6826 8045 
5043 2281 6111 8587 2099 1320 
9315 5330 5394 7491 650 722 
8185 9450 8939 2807 4494 9184 
4780 9095 4891 3030 6568 5115 
9838 1206 3360 2730 8109 6396 
7915 5568 1955 510 6779 6413 
3243 8413 8270 8250 1256 9459 
7821 1015 2127 4892 4949 1648 
9186 7234 1119 5054 746 6480 
7054 8889 9696 6840 3909 3755 
1496 912 9922 7392 9226 6758 
5131 9322 8542 7429 1044 6992 
9492 3936 2442 8470 6109 5099 
1854 9752 5273 1897 8129 2273 
1070 1711 4889 5128 449 2135 
3261 9609 6709 2610 4867 5346 
2125 4949 9587 3220 9231 1156 
6712 5417 5272 3964 7187 1445 
3366 9609 3483 4340 645 3336 
2517 3091 969 9079 7067 9195 
149 4809 924 2936 7494 6677 
8753 7337 6752 8222 3815 9200 
403 7422 846 440 5288 5083 
4637 8742 558 43 2351 7015 
5595 2132 334 553 8145 5900 
9930 1815 4256 4271 5910 4972 
9105 2975 1280 73 7510 7318 
1803 5201 9436 2343 4891 801 
5322 306 9628 1805 8425 2646 
3903 1974 9423 3520 6337 9047 
7353 1714 1706 6591 5381 7551 
9439 2681 4633 1091 5 8342 
7300 9648 2563 8381 5663 7651 
8210 8793 7808 4196 2164 2128 
11 364 830 8163 3252 6065 
4019 209 1605 9485 9710 5047 
5832 509 5339 8242 4291 309 
1155 9029 1182 6673 6291 822 
1201 278 6776 9474 4622 4102 
8 3809 168 9938 8352 612 
9935 2123 8822 7547 9097 5377 
1194 4531 4399 1020 5630 3788 
9585 4681 5839 2633 3447 9388 
6510 5009 7605 4132 6288 6370 
7033 3324 4414 9573 4389 285 
1466 3004 2051 4753 143 7272 
4042 8930 4387 5400 268 1105 
4748 5915 569 8419 5483 7639 
9236 2805 7322 9938 8287 5073 
990 189 6405 3193 8361 992 
7156 7647 5855 3072 646 5351 
6514 7037 1594 8292 5884 7545 
9684 3599 1656 2611 5149 3559 
7390 5217 5912 9618 6633 7932 
8515 6321 9751 4021 1126 2497 
4284 4870 443 4878 6179 2755 
1114 4082 515 9806 207 3019 
937 6202 3130 4251 6952 9960 
4179 8073 5738 301 7912 2853 
9905 9269 9285 584 414 4272 
8879 1353 4317 6666 9965 3836 
3563 9545 2531 7510 3221 2111 
2540 2875 9151 4271 1731 5656 
5150 9501 6030 717 8243 4878 
7016 3938 1764 335 9850 5450 
9784 5361 3253 8773 9070 5361 
9822 9087 4923 4230 6022 4438 
2030 6500 5813 7033 9554 8509 
6883 7435 2911 3479 4096 

60467 914567 250973 909545 494204 398942 
360839 853247 38580 168203 445400 928269 
503931 501032 602580 346431 543826 944842 
843381 306303 42919 978950 67073 865664 
917886 214551 65540 824119 871805 79192 
756912 382634 791060 597291 28813 571616 
444103 518460 904222 807928 113305 878368 
434706 240278 396631 941847 547683 904376 
596286 47664 556879 993063 905482 742476 
1009 210760 340892 809850 735548 188626 
910918 114306 572243 587290 523382 217277 
810439 406218 452094 733793 971629 134960 
508348 696155 240731 506546 511211 116181 
487424 843360 783940 433367 122333 119906 
122130 397769 182948 91280 433425 833238 
885483 524960 781954 559213 353165 977338 
787150 370273 38941 133928 30228 312177 
480008 543465 400913 970401 497734 80292 
115883 578567 653372 24698 38298 982370 
200818 326196 616051 18147 925612 562076 
993939 305360 683111 557607 44260 334334 
596274 71055 874959 519996 138854 855871 
815934 933839 144195 93416 316876 425111 
821608 137521 197708 36816 461742 123275 
884531 113844 587362 488674 53731 623230 
436766 610863 663509 361290 6211 963370 
206881 794264 470485 146333 972397 15600 
681395 29012 243056 794463 933553 609457 
293346 486431 220244 757532 676610 994837 
422761 169175 568067 983731 87170 372335 
536980 698174 791054 969230 464395 103146 
652564 894254 539309 812321 683084 462632 
40156 127714 567194 809834 530269 394886 
540072 4423 486853 449182 698654 421737 
120960 485433 206081 467170 705982 794242 
345637 135071 424763 238341 620688 253309 
458921 130450 713709 273206 640251 760570 
987178 698996 961040 746742 811695 959174 
317371 178088 632442 25456 674667 839225 
95003 476380 863164 314785 702153 988719 
139609 800069 119264 715319 281355 963130 
561144 430656 335907 137255 17827 22790 
440832 192585 523330 735492 242750 583377 
897092 278955 913275 951528 154301 556974 
5511 197138 274911 529914 649511 167984 
821399 11011 664774 105951 500358 8058 
85113 251455 579226 682203 535661 703374 
703689 419554 580272 552498 639082 650717 
18264 449621 596144 511965 832148 640426 
310339 346246 806925 443279 393148 265222 
239096 808011 740285 875682 545019 513782 
484523 54636 498169 246392 925322 74065 
433340 217769 929139 930382 568830 619480 
255220 644483 634708 689192 944260 126368 
202872 211924 211041 638652 609329 566034 
579016 219204 471585 201173 754385 445520 
869739 742829 40996 988241 814974 67018 
968027 559015 897347 447006 612534 723599 
290527 396768 546421 496698 605221 623020 
650774 406648 368539 610055 107179 399059 
743079 604033 623703 460857 833111 637875 
741861 615441 695306 183144 74820 411438 
651645 222104 718371 853217 487862 170448 
406821 629352 940295 317869 234049 500485 
567551 496966 240250 134954 842931 698090 
864693 377488 537764 467902 705788 753063 
491021 845257 782990 619560 580172 538443 
408224 111110 666986 294535 236405 126275 
612169 591330 255637 709342 202793 766500 
226029 127721 572950 738971 502146 644281 
38770 309790 480275 760888 225307 245295 
86027 96532 761336 62458 161184 876186 
321189 453114 457611 689117 122424 598651 
661988 566544 607536 200122 953113 439348 
898362 11816 770762 972586 479903 489485 
801349 592874 254861 308042 837337 669196 
994367 639799 225817 208388 626828 140459 
683567 47147 632970 61401 642330 14008 
859164 141015 160645 694349 9823 28218 
965573 853934 321581 71838 539887 911180 
96396 506754 82580 946944 500407 719696 
19035 721171 3270 409465 38457 30073 
171452 571839 899407 700447 512109 4364 
489055 104794 245066 266688 9964 197630 
586123 223112 838702 303952 177783 214185 
159663 153619 976083 829021 252037 750014 
963749 845076 861676 993551 256803 128539 
916927 71801 999997 996058 56339 187257 
93508 434423 271729 352135 956981 379993 
84717 901031 167590 595655 604967 757982 
499596 581230 318366 930434 962983 909697 
383724 133291 96267 992763 581538 533638 
892491 792192 57984 688200 606787 249121 
438097 154942 642498 873215 26977 589827 
216466 932550 31580 741068 664550 521499 
972741 200221 874016 903505 93391 653214 
357372 862292 172188 79944 530012 705384 
60303 199802 814384 613644 399248 354024 
344065 437816 87196 176306 973659 122438 
588741 85459 959061 485805 711757 972848 
365438 200167 32027 88656 518694 853877 
566936 127787 862918 243705 209961 881371 
675917 61632 334729 637167 285384 566178 
918017 871071 692268 231298 745607 80281 
168963 93425 383921 414074 326129 524463 
464020 801112 65186 850065 62014 746172 
701459 522686 14219 307053 56889 12691 
27752 961831 901009 534695 646818 32171 
703557 281064 641194 444336 580920 20644 
245799 431543 624495 558884 345336 120188 
221083 893491 602949 242824 830279 261116 
535104 524515 590810 370129 929342 481895 
354186 412232 90156 813297 542814 828800 
698223 100400 565917 75905 271644 238431 
240344 746689 668817 97103 847441 372419 
618414 360925 90055 469658 672179 61252 
76895 283340 608312 352139 737072 979474 
721795 142559 330923 608827 325193 782331 
215334 821231 46916 689795 485379 404305 
303661 901361 424129 883262 305559 92646 
679775 126579 287080 304802 316008 842187 
96372 669967 932896 124005 941943 956792 
246153 771172 54383 278103 476434 190288 
256532 999883 403165 64217 126325 198888 
362476 919612 624049 954089 711463 317631 
97678 966784 239500 893142 409721 577038 
804595 424168 875610 755503 814781 613419 
325779 537388 420441 903339 498966 731860 
501042 518570 185888 261220 347192 261474 
890390 643107 741066 410918 53242 147467 
147517 288230 201802 916001 739532 107601 
107061 846054 699804 442261 260283 549798 
739434 279298 279712 143341 608659 198540 
833612 93081 457791 326639 880002 819851 
185707 820973 728251 19767 155282 934899 
921119 815771 578168 186906 98783 437517 
122259 281161 25521 5548 356758 840823 
82857 396152 981659 455182 912817 437758 
555564 289643 43109 513772 387245 235778 
340493 811459 903466 29535 324984 837482 
340345 754503 131889 485022 610188 516541 
342625 392711 506325 340576 205313 563174 
829846 678769 939321 841067 852036 1203 
240538 684451 960599 308331 58997 806991 
939761 583 660054 657232 634280 591067 
890080 780734 787442 989830 714630 674135 
11052 615091 338083 346836 383687 181052 
422135 43031 617999 859112 27519 888769 
435033 320533 760304 733281 536393 629169 
719311 790471 775549 707106 896112 770166 
91674 950150 299273 349559 678833 173972 
379250 434506 603405 600417 241595 933752 
276059 945087 384553 562052 572471 318528 
933263 167168 283919 308312 1606 967675 
243510 319840 369737 329944 622087 665975 
449071 600506 967540 430211 120453 823707 
330538 775765 976327 886204 501026 81515 
439931 111415 592583 416271 503083 583728 
447295 647708 426173 34474 690393 79904 
916272 28469 90449 195997 266229 340357 
625666 709610 105192 336991 942505 542583 
585641 849068 753617 372781 609564 172464 
133793 25140 570425 278868 816062 269838 
900496 198559 63198 139040 366813 786563 
9131 827857 497923 336404 528143 353355 
102697 872339 196770 798879 34990 849129 
180654 371781 865290 963055 402907 758529 
586690 927146 287100 421536 184327 767636 
602996 856418 477484 549141 277702 134258 
558147 968529 295417 229264 19603 456347 
376996 500623 856503 705607 280411 968442 
423574 546908 919606 902738 837690 447912 
44346 536371 892175 546030 126503 687317 
500794 841787 565022 809837 866708 10903 
888812 28339 93826 368726 644855 112639 
918834 776526 93699 671565 660916 896802 
636642 516127 507442 638141 446838 391553 
193422 384603 711652 294824 760023 36481 
236823 220276 124135 72397 480494 802581 
827739 706792 475715 958921 847024 404439 
976985 93443 137335 349617 792609 319656 
60788 481451 931561 178162 923097 597583 
367586 972535 420442 936523 879692 720516 
604845 187302 966592 789475 47904 959053 
801946 478141 563094 6540 140353 53848 
325279 288152 259348 116288 788019 375881 
705010 759172 942347 163044 452966 483032 
814941 419222 677229 498072 287730 768382 
629094 841580 954917 218849 532246 626310 
524154 285505 332052 629128 926104 810823 
120599 11395 698596 716253 306266 834971 
309372 70168 941993 858054 584589 443667 
571084 993075 705938 498583 961741 745607 
111465 858422 642022 626946 488787 400503 
296844 670976 186824 944363 555218 134044 
131637 754590 918780 238639 709908 109417 
632545 350134 750885 269093 48059 338834 
999246 421626 274895 339176 807436 494421 
664243 406504 938005 798648 58369 265131 
459404 533931 259479 134390 171104 626768 
908743 910876 809602 260692 170978 708031 
758785 506241 169308 948278 193027 905713 
152668 102411 974114 514269 166115 692251 
509984 624212 832470 762144 221961 553799 
777577 766220 58276 920065 882730 829963 
872469 46515 95143 760171 77650 963629 
129790 921176 318464 557609 67455 616640 
298281 289794 101823 225301 306844 266050 
267132 380657 698850 553496 448680 919891 
741208 642920 137236 308743 977838 322685 
450938 108260 152635 251162 210151 806703 
440314 532654 887875 656222 591525 10789 
43134 526710 414956 706523 220313 594197 
742098 147179 933774 493452 381349 137254 
240478 507364 72408 943200 324725 909762 
233982 154084 799227 77861 414117 310983 
552121 699787 740045 832282 665894 273395 
949828 908729 229070 326334 361119 239040 
348318 534127 582806 437533 549326 694993 
687933 435009 623147 926584 819803 203825 
427264 709023 637737 369913 285920 690737 
409128 415039 894291 412195 352927 482165 
324891 771454 129456 279080 855329 949498 
826710 523894 181633 688390 168318 68444 
290671 959973 54270 799981 541124 713586 
371830 312927 633257 125380 625218 102464 
841375 303148 368025 796038 52904 444891 
50757 303427 8469 885921 275327 54775 
213933 587536 324966 730304 468023 343039 
830428 549740 773797 68842 777085 954543 
990045 425207 378301 790896 424868 856211 
220381 323261 423721 231867 156426 225823 
623852 466839 75090 98953 525769 134464 
609987 902570 936549 406946 762018 439650 
187060 552189 748997 403729 706020 474630 
849102 139722 503337 16874 886212 905958 
118118 422066 388751 858549 34677 818625 
6608 659792 276819 844283 746843 287434 
217067 609728 17490 250437 778045 199702 
268383 199712 324459 126117 383565 619022 
835808 446491 135044 505730 639517 780272 
65311 179654 361505 652420 393132 15851 
560501 424484 793919 615451 668881 866731 
516787 34890 690990 882821 284158 419147 
72873 878287 936048 11839 760721 34650 
739144 160360 72845 551951 794035 968987 
113901 451884 592290 867412 334987 429228 
703814 850852 852893 965125 501931 118149 
268443 535371 388078 76430 626119 752370 
770781 370945 984734 517680 817449 74626 
786969 124289 724362 498275 774880 30340 
75760 983130 832908 103427 788257 992532 
554647 44560 263603 757922 406115 892426 
101800 799186 511203 211711 263329 100889 
182570 358955 127233 849835 880014 947743 
960863 362413 702393 87101 827431 129346 
786572 439520 297614 390978 638191 915736 
669551 642697 377721 979539 954503 537451 
404857 651543 234826 757317 186591 345003 
794527 825711 706890 308630 954879 400589 
239791 703231 642277 943941 6178 70387 
819059 214411 96069 513925 293729 223191 
338890 120080 915362 532472 498854 428184 
321109 368578 950100 649679 760164 441827 
254338 994483 59389 118356 432476 678164 
223979 779371 466676 877044 600976 782989 
154699 792839 485761 592896 276287 688345 
12286 512478 100880 888335 781388 697509 
244816 948229 430257 356844 459495 700375 
105740 298992 891520 528507 322318 807949 
506004 898571 893593 46856 262929 814753 
987955 566601 44006 850524 644839 78630 
511214 956927 35640 668954 542390 874232 
766787 454740 860461 53053 732656 725612 
827495 430418 418900 956464 420685 922280 
941927 59805 623845 651167 319197 151081 
34234 294124 383459 178813 377704 45718 
320567 484608 406918 77786 248740 191183 
153904 154415 357977 108745 11375 996004 
766437 778630 825416 678629 167442 171047 
501150 461404 75739 472904 216516 609203 
960906 807250 282979 382392 461938 201966 
374596 421914 718406 863828 485691 661904 
561173 585537 522545 853273 525731 276935 
859532 750558 58917 506366 228541 889971 
442264 896152 168677 913212 466046 158482 
472037 126636 395766 671047 412737 523817 
693431 899999 394416 838028 229609 806116 
785026 895044 130336 555829 815342 749338 
201013 542675 355639 346383 321219 930777 
150459 985185 677691 465480 203736 587564 
441189 574272 907323 837870 499827 456075 
267526 141475 790467 425556 739805 699727 
946418 107637 754190 405594 121879 917614 
517915 434645 85859 276273 39076 433946 
808403 512089 555381 676690 687887 961787 
282730 512593 547043 405269 614971 655579 
966999 279396 853352 436618 125996 894609 
88962 197255 978742 110859 804691 85558 
651153 364528 562859 455662 926657 136740 
87240 139621 972458 392133 592161 874475 
473768 767285 6863 820045 975692 36630 
737945 293978 128500 885780 441690 382146 
929542 717595 424657 798489 928585 515306 
576581 90171 614751 763071 131795 203402 
155171 355890 388821 116627 862555 699678 
73585 891087 25882 201018 648571 827333 
493493 818373 37896 59341 978271 812640 
789840 652015 356260 281717 142975 248489 
133247 695253 793240 339727 703064 946592 
814406 523469 377501 219549 382849 468232 
720059 626922 777369 351075 734265 886925 
840995 329182 748081 693288 109629 649624 
498989 721099 194174 522741 497754 955172 
305599 144410 517227 102673 511873 134613 
851981 554070 571961 238810 845250 167594 
856255 768681 320797 666092 277967 383179 
859673 208883 501369 585978 74773 682050 
852715 868512 743088 733147 372825 30968 
167677 828074 326534 278545 311011 660770 
831666 887025 359252 269990 312544 843350 
774632 869085 56259 87192 642901 486376 
796292 451562 160845 947376 599347 587135 
34740 411416 523847 250441 279805 967634 
370579 103132 629088 840717 965896 909553 
796794 242764 481313 351431 956352 174418 
630511 624676 549665 138233 728577 462522 
151096 36387 933103 535204 485035 617607 
708291 331279 263267 139885 948229 116406 
201000 82357 38498 104709 612951 713937 
209080 252767 953795 526802 511361 455355 
544998 10528 314265 473961 871426 472644 
52205 544115 890201 385055 936642 880926 
514565 858430 434207 995920 271797 186181 
958873 508043 689220 949575 437625 165335 
245687 103288 969355 964094 548755 615994 
218758 727025 340121 464211 181779 510473 
242336 432384 369212 520295 293197 624547 
984754 235388 672880 39063 176699 738404 
592766 142628 445878 68845 46439 403022 
784716 988919 333268 751560 675829 457459 
289535 485510 176228 290637 710190 491952 
233488 556838 912845 26866 909216 762106 
798503 577008 321395 3553 957697 596503 
571337 190129 558099 491343 51857 418112 
252324 118348 969231 505031 38016 185220 
652137 19618 842137 63995 108303 942131 
456696 79033 420358 847143 163166 171486 
857935 401361 51003 79692 505720 402482 
449994 812738 394878 582042 224263 717897 
124509 243111 179406 983302 932471 423532 
879250 990960 413212 791214 845430 756508 
806780 276232 209227 496949 572710 585774 
14695 890439 158780 879054 592158 106618 
482870 221458 880928 2523 315407 275970 
480047 49814 700879 112903 559802 732160 
167030 212234 61211 185233 236418 257787 
821994 667183 376478 410350 874172 703717 
68135 222751 341884 203762 985563 624214 
970339 337790 316384 315814 358231 657320 
229231 763727 399006 790650 232411 879555 
223293 971774 692866 396038 353777 65770 
683470 279982 701129 616246 520424 308810 
617246 432718 372731 96159 864752 858659 
366496 88653 889311 728476 193259 837905 
536067 352619 187985 555684 160168 442426 
472501 768320 734121 471875 539214 279106 
522471 254207 331317 862635 590823 405814 
220752 605824 383302 202421 354135 340114 
509145 65182 701312 428504 940453 944281 
123339 750840 460727 742249 494252 569828 
311522 194713 6736 218721 135635 912404 
186765 570275 474770 89876 35563 463061 
194583 429107 328201 94197 531719 367453 
337070 610779 811146 690663 822125 188825 
562441 247224 845940 46654 539657 767013 
642097 442997 954591 234779 461984 251083 
28239 862389 613814 882446 988421 861870 
304739 842000 91695 12080 710856 261835 
878261 574219 512437 77918 911254 425793 
267549 373366 846304 829374 496217 632776 
441036 983013 622357 407994 886260 104261 
809115 198433 435057 666794 237242 586149 
959829 294160 821586 715393 466114 549427 
246079 330471 532389 937730 23520 169088 
887059 925809 969731 197265 986174 597485 
27823 570105 312915 587947 942029 896663 
243444 713370 475379 349384 909 113975 
973838 635214 979733 418046 9772 752588 
378659 372990 691812 22062 526570 361350 
20194 259237 963091 406971 932627 257616 
960949 372491 199081 946678 769396 468988 
557451 323312 876083 434334 935965 538148 
717367 76511 163751 230251 781785 664957 
682212 440788 873383 512662 793514 729282 
724697 224923 775792 982128 124587 152739 
643329 707093 639643 474588 544380 4835 
843521 112156 136069 659497 353798 336021 
115212 194584 791810 318183 646968 774370 
985718 313872 931055 328638 725347 91582 
427076 413704 38853 797573 804670 454470 
739247 155116 474625 525318 274244 370338 
843676 551139 609103 467854 519406 574694 
282624 14148 397813 661512 944452 241619 
283701 477397 360575 806267 353985 586989 
375401 162876 10089 424421 23298 855369 
107840 187274 321267 534876 369672 178821 
161539 639971 413692 554394 801970 645208 
161786 401035 124598 693486 737100 684633 
718543 481959 431570 23402 284425 219458 
202061 981510 120846 147986 694346 626107 
129637 540010 772137 975329 983243 31541 
34248 927800 659756 908578 93457 961005 
175550 562556 737566 212988 327419 664023 
85892 6191 833017 859430 997507 952132 
142375 770986 314824 97068 591206 716549 
565084 284016 888257 69549 893677 343086 
579403 403068 345719 554178 210644 261027 
535183 763840 143303 492159 658700 698397 
22371 668996 760914 713005 613716 47126 
511868 587398 633645 899638 427877 588420 
152837 300569 268628 840166 881771 559317 
207682 452310 340487 895284 851336 121990 
945294 555371 58665 321142 933473 495652 
440698 79058 65027 143224 744234 204599 
885301 761209 64690 228438 369776 312106 
365850 133617 442046 533778 32292 28227 
383094 694885 42586 795069 847122 522915 
934191 289898 164591 605501 425492 896243 
383520 270065 233626 437119 29742 272503 
369215 817586 294576 633619 9431 822807 
898243 802507 477016 315608 696231 358003 
243522 232426 530806 547940 111337 86853 
11202 969419 486753 623313 403401 974877 
627716 930973 730519 949992 848674 574664 
612345 1413 910790 168258 421529 90858 
848993 967661 533563 874012 567766 337373 
82707 440257 355873 315966 103744 342291 
947109 10453 264937 847473 448272 327839 
853043 992336 178093 474453 524892 156814 
15173 115601 986615 894887 109299 118730 
609220 849856 921923 876219 548395 133345 
46022 665251 87189 420352 256117 46309 
185704 650232 823359 872527 339677 480153 
718962 178551 981951 895320 251266 25473 
187265 716647 420600 369662 52604 301024 
598649 977647 32325 485338 401713 541799 
884712 585502 48157 858638 671043 822068 
219827 637122 76544 702550 285614 751191 
834160 140870 388985 256127 932865 744251 
940983 915781 74204 461815 209965 373299 
187805 498484 784397 775380 131696 712380 
900064 645012 930628 152280 742159 491395 
102639 376608 33741 854392 675166 579826 
102180 785234 692663 232253 507739 395162 
52813 464317 433665 525188 121663 733761 
588314 12821 824750 145127 44387 773790 
738520 544234 481346 396902 46230 541970 
196047 226918 41134 591370 386489 624749 
396310 1038 859286 503396 87046 956483 
488075 988396 846776 527584 134484 750179 
160831 67594 464369 586054 531457 613118 
895662 664944 531795 747112 862797 223361 
56943 957328 389841 854106 810708 436660 
877034 855108 140987 91568 524216 131760 
757745 989977 181629 921369 449686 958762 
807908 591750 680880 930902 746344 315435 
467372 690684 98403 873583 701747 235641 
346036 901833 430501 507543 727371 673219 
345461 604770 775124 172769 866145 3227 
620157 6619 46092 969670 589094 379333 
71161 883166 154404 611216 362214 291369 
64434 234217 342147 686694 177077 548543 
946574 216226 581483 22946 134028 105642 
789743 228167 357477 272538 981227 909544 
142557 840724 303642 481800 196267 245261 
627128 850004 925880 881985 401609 537957 
958517 107846 727235 671266 684505 418238 
231450 337795 675126 689319 515046 969840 
462135 4493 72306 355975 339064 887198 
574947 489981 377346 727582 184515 941467 
570593 214129 111977 482218 202084 889750 
331655 130666 531057 650227 555792 592635 
228418 953866 328324 74463 608320 830411 
102297 26199 610554 171076 865159 648105 
526530 906676 693744 63619 893924 662141 
917675 823738 748932 987639 283372 58667 
450323 448161 355665 255938 999086 938994 
49675 829145 929491 919693 699495 959032 
455680 246292 852088 198203 286186 175444 
731619 778001 345303 243038 516487 541344 
807384 192885 151815 651654 574119 705507 
94197 422651 493977 502118 926300 704018 
460735 333704 783530 455070 262175 495756 
389624 103473 23306 881092 490488 165184 
964570 558208 613882 658722 300234 594976 
995547 908471 724594 654923 700874 689446 
532445 116152 458680 453502 890824 937641 
62876 803646 26234 175736 684704 889328 
147195 426186 259371 22512 44146 59232 
35916 747978 765534 745420 471231 885057 
314545 803584 726432 843820 690692 938370 
941673 122492 629243 386875 331753 12376 
720183 341871 312644 126889 323505 776200 
188513 598705 996282 268683 536564 519510 
792524 112748 510951 251261 943563 736316 
61799 201938 128414 358784 565962 746339 
509349 654366 212248 149996 468694 983793 
197885 985774 600951 374139 112073 574840 
319866 392698 529313 236167 583344 723219 
108166 519497 904619 465643 450879 127358 
930933 44117 838630 675575 949990 798245 
871629 551361 309414 931107 240139 412059 
475904 526876 358374 234018 937118 391826 
231454 585998 659495 453139 589076 152277 
385778 552871 360278 813165 564965 80610 
663368 161199 159086 958746 407536 825495 
296862 256947 554909 274536 452637 607510 
87733 100524 806862 583936 791642 186521 
361472 170934 619512 176463 637133 866519 
849070 439806 883027 616586 340695 198949 
866188 199253 817588 911349 236557 193423 
615608 8340 606296 909230 141295 90685 
171421 442426 643915 436932 335252 923363 
164812 760247 570288 979565 233227 102817 
105792 64393 317284 384168 645415 141248 
404094 601494 600182 895624 120953 574068 
35939 206009 234226 827986 454185 77849 
291445 493156 645755 335955 665472 481415 
810790 287559 385584 990369 160002 582587 
914827 856805 249620 162030 108009 381622 
60099 974861 663423 522787 575349 54079 
923401 783313 686470 485979 174612 117558 
608165 300921 198245 504449 744778 599014 
881161 596120 192535 10673 952570 49529 
469323 730018 606827 782721 578205 203083 
611633 812363 814587 562678 571085 502385 
463390 160445 958362 284718 730377 548857 
945040 693028 656735 902354 444978 549112 
658463 104182 547418 435803 571965 320549 
780511 881188 423326 543912 712352 91993 
335087 203809 120368 348685 886562 937150 
593758 426659 204870 419400 445855 447408 
446465 249112 58842 998847 439853 683688 
870224 279790 292045 550215 648486 880373 
303723 837798 242193 156167 768527 839888 
211741 902353 742173 731767 109594 734367 
422092 528937 566051 847134 362559 619746 
864972 715196 755713 447674 167719 8811 
669986 21311 828467 549189 452456 640541 
515491 207178 791540 275450 267014 39492 
22515 412575 506199 239627 76605 669584 
105955 482789 603789 828220 850387 82437 
615325 103887 974037 961012 679646 481573 
145835 698829 256529 150490 875664 982370 
862917 826365 638978 656189 801965 433827 
721649 665985 618333 222999 534082 998702 
485409 676719 498496 562627 341946 416122 
946784 878397 585334 288981 663663 617214 
93291 857373 997338 127753 304336 273022 
915930 564138 34935 996458 318650 555058 
564075 814246 167494 328032 796130 33534 
483410 448860 828831 738201 616420 551324 
504679 460903 392511 884457 903901 194166 
541132 388988 867388 942948 551143 573762 
397361 917103 805892 343103 772243 666152 
88317 65999 913344 527943 612793 601031 
304021 42903 326074 698297 130633 444050 
168130 645334 69159 420743 307875 655534 
577958 264759 216866 645524 272486 235904 
626311 344221 974665 669873 387460 667207 
728364 760188 879935 394421 737857 372873 
928958 17496 264458 288871 111790 55850 
57076 290269 397840 236244 33870 858463 
584705 953840 176932 71708 903972 877928 
935804 630324 402926 222845 605996 482311 
10957 601316 465302 698537 577334 103051 
821506 656689 876042 711545 817110 149105 
403876 31763 100980 874048 185217 860026 
997232 815666 720973 543442 607661 275305 
236230 900318 27283 390981 296271 845063 
712559 26679 839507 261820 114918 206899 
792660 920498 538583 703939 890511 128396 
927245 805945 893006 686615 179997 397949 
411658 130412 980898 880580 879866 899256 
422291 45921 882812 568601 351230 511413 
69215 972318 769123 560899 389067 366001 
123184 430174 319950 655313 625236 658499 
769603 638839 617793 867843 479841 553882 
489027 231833 655133 110798 337656 880730 
13245 343368 165163 650890 897787 275132 
732561 295818 768018 80103 500383 361839 
169831 796521 949958 737903 720215 88138 
155149 323061 699737 898589 719753 830804 
724944 427009 766842 718359 602608 186628 
871301 622135 274954 546723 605514 629222 
284597 412013 439457 324808 674331 714117 
427830 534721 563293 733510 884350 283625 
223908 485697 977621 973724 279621 400033 
13558 598383 349328 818224 365910 36221 
987254 761842 655581 351455 982164 7215 
787138 67065 426144 192015 286145 677681 
433455 454493 58044 653051 931488 383534 
913708 321616 797609 994779 72450 695294 
789308 350633 535966 227224 749461 700106 
638315 823309 628771 586621 483349 264662 
801168 442192 669544 879241 115375 856389 
223046 538571 617025 451923 290692 611170 
831076 308867 159139 793897 855129 886971 
301798 495452 937584 809112 696148 894675 
333970 853492 157580 792204 965803 843783 
563840 189601 513906 91945 265936 322328 
484182 240309 737859 510041 76422 506442 
984292 660154 525021 771883 782903 125559 
191337 970822 497111 70461 953431 533842 
8237 477477 587388 661649 838351 269118 
273218 382837 366514 798723 656109 355871 
889037 481132 630921 339650 96845 859616 
279666 463398 905198 983367 599103 196105 
560445 323070 854732 436512 73831 996900 
541347 219835 247548 901585 792071 863622 
244806 45287 789724 196331 516800 159232 
990902 117589 730229 921286 466364 137296 
560567 441058 759161 374092 638136 808205 
326975 707777 891592 731842 693688 835244 
333995 862356 246154 800759 674198 70363 
477158 851958 444102 217226 595758 560205 
165437 584476 468480 559344 193691 831597 
389092 849027 825365 32229 255502 169824 
461716 377615 172752 212342 541804 129480 
677919 491150 943799 305810 681663 237673 
582286 596616 270990 380550 466787 888492 
401707 965504 729854 437212 603009 377939 
563858 946980 146611 108799 406587 962156 
775910 584261 669143 752146 591205 133198 
626366 543699 638901 211435 968223 160482 
685174 372791 79992 112987 153523 300505 
795889 278545 20998 583270 461974 815875 
721131 6307 780720 313966 42271 57256 
927423 507516 446836 942047 821205 824602 
867380 587244 37201 758759 105648 618343 
178743 473672 237732 688196 613481 418904 
275720 287892 561092 242173 269877 69860 
198746 963798 111346 40387 744647 934928 
746139 657058 153266 643736 346605 359252 
607970 616170 319216 804468 79930 193736 
173889 8293 401747 14599 924667 776756 
205364 558724 728002 985051 598064 261427 
650156 552607 742877 823063 175819 416920 
114604 673102 66139 656721 29802 565508 
452357 260997 897490 465032 55950 467978 
390028 371195 339807 800138 558278 175588 
129201 38123 953326 899937 744853 199184 
409097 168249 393245 308729 942643 180492 
384938 116678 54131 585387 806803 650457 
433914 45572 763247 245528 73081 751158 
1408 265362 255452 274051 465276 510585 
842598 41123 217273 701389 276010 109877 
923892 579930 341731 437713 221757 559192 
983665 376504 168899 684016 765040 548653 
908408 302878 961015 661021 374432 814513 
492202 677113 54844 393200 120253 874597 
740365 704279 43013 686728 37191 621887 
870012 518020 430164 739739 217745 826432 
472385 635678 732586 253280 324617 337274 
125495 281110 484412 284164 425204 661650 
374476 515187 750267 166805 582068 723848 
43715 453603 195590 85511 550585 580311 
345103 208419 930489 540304 633128 820535 
696489 418057 648924 164401 972594 116743 
163441 731977 762972 108139 394005 624815 
330438 352999 46375 817923 516990 42253 
880606 507134 242371 58883 211418 113646 
928340 409555 28933 869918 664628 423647 
245221 183060 23165 562994 107650 590323 
76382 486897 723246 445697 878771 123184 
745654 9795 119935 121441 473764 52805 
243081 579943 40557 217974 685648 433800 
577534 80303 201067 462721 356254 847252 
356162 987060 925823 411667 158627 192509 
172839 332682 54594 665762 819446 148421 
696720 289320 615635 943204 880246 908546 
32503 434459 472174 247077 910293 324436 
774398 438071 647461 390127 287379 271973 
922508 760681 951670 232020 354090 441818 
97901 157871 97215 182808 172528 322591 
996858 298362 892358 157913 886880 237879 
856253 360208 58518 178604 343234 202956 
196235 299836 491298 873107 493892 688849 
537886 457283 655877 542465 616164 498497 
832601 68429 701040 813068 223615 333251 
262463 347627 418609 784899 162667 175109 
629841 539038 839080 908687 629939 837658 
927129 274591 896385 620690 699536 61280 
28559 227642 382945 865566 104252 790785 
261409 941185 745409 995151 712704 622551 
606041 198254 735040 559626 688589 868037 
63697 638128 891099 492990 397643 78465 
911042 597257 622855 370404 351597 910586 
429723 568098 319034 140174 831791 812284 
582629 966667 76224 518679 128661 846277 
195953 594325 282883 349180 253577 427200 
545539 195811 217678 592224 89393 146108 
532155 175980 610489 308190 838880 80733 
918018 4504 798743 260061 739256 825136 
303262 134623 282484 168836 545878 884616 
579275 137810 285591 189002 74928 757651 
591086 480402 974342 601858 689908 573656 
335750 341690 138572 170451 615818 511933 
930360 651023 969844 322577 786008 570838 
866045 339588 922369 863499 725214 300625 
506166 242711 341588 792923 257606 603258 
486484 88214 215617 219779 254347 915525 
637016 613467 230224 896157 411344 89403 
996969 685257 708899 76414 6903 582535 
870579 70416 758399 414127 148459 288902 
46741 494676 72117 71048 52199 100227 
434513 882089 614947 880489 345753 395543 
941254 166609 386638 185390 393411 805834 
959005 958119 447692 445734 273588 248877 
543487 821599 394876 209872 368304 348053 
901938 480530 724303 733491 699493 842975 
826294 601967 955854 601690 228882 231791 
61447 38931 138859 188169 10474 447253 
147537 651299 988871 802843 514213 590778 
94465 996834 487553 207998 789253 820057 
367045 657177 957160 234485 716159 309520 
120925 199009 969462 588546 351888 766675 
756435 852878 172449 27194 351533 130322 
459584 746643 30447 614094 688225 296027 
614632 450406 573852 340831 497391 809094 
523173 433071 201137 117984 350243 736881 
363609 481105 382126 17233 998298 973921 
433386 794262 89436 722281 109371 466192 
110208 986575 258467 681709 589970 625581 
92863 269100 590858 655312 638107 609001 
312319 469276 982637 775894 531049 433613 
85749 744714 287697 967960 720047 869299 
319191 195568 82737 229160 585248 499300 
219495 828633 662746 383973 597865 746344 
814957 742630 184822 579856 855039 735004 
258192 735875 380964 775269 976115 537746 
670625 845253 825587 712582 113627 93451 
57457 54796 634145 528018 328441 512716 
113235 535587 470780 655194 790637 483896 
568101 497797 10228 491931 59225 200206 
166651 549485 320784 904627 110738 131203 
232139 407720 285388 979819 425841 51111 
59052 380876 986634 374046 651947 584491 
706455 31815 168169 776202 691403 11286 
984430 81259 372906 472203 726427 539250 
156797 174887 971377 649128 722543 438075 
931261 208540 74440 804379 378975 479524 
841347 487858 480886 182081 656909 61040 
395563 454112 617501 672990 995542 128445 
21290 343185 549264 847074 69326 557117 
101078 810958 729013 898657 854294 886320 
618689 516768 364506 865490 408894 424688 
22094 449491 525373 886955 187887 760077 
184015 971139 363922 223445 807711 754387 
463694 301920 513645 187920 971016 351170 
288099 13854 836313 456850 819861 617279 
652958 537066 829338 596774 523355 696011 
600577 968554 853260 236317 98930 524054 
260810 502099 126819 314461 838999 100909 
361587 783082 169862 501911 530215 831574 
539594 966639 545534 505907 71449 265252 
382130 410501 521276 576250 596366 170896 
584182 531945 531815 682701 1934 828453 
31544 787318 154683 521273 322334 676736 
400108 343757 400044 204713 554673 241158 
639404 690535 422153 397836 19507 973376 
826824 853991 73824 268023 300453 11906 
465329 295012 557022 672850 66689 80157 
168968 365520 140706 497232 726903 872354 
369875 749363 747013 435096 225374 109266 
152451 939537 857169 804679 124282 410238 
400598 670088 924252 928126 509233 647450 
226252 405865 838038 359716 807751 585321 
245605 995422 449581 138626 70083 390824 
96496 254193 375382 150711 181208 867250 
203996 602154 268208 60380 423465 889979 
401104 85736 658299 275665 413320 150031 
902715 772401 557798 969745 330067 725205 
616229 780945 820902 266197 673394 503389 
488304 453634 43676 613708 24764 989330 
846935 855041 30716 393077 921260 230924 
372424 568454 589057 992367 529526 686621 
23360 272445 970898 249089 477287 683806 
733498 503355 68204 98352 587929 816197 
290763 160072 462718 416097 495277 498198 
237528 165575 630390 622694 828880 82870 
666476 670467 219843 772012 740415 232310 
758683 202545 604921 753068 293001 4813 
878531 154677 300960 784793 564945 778345 
57169 815475 612651 633829 939263 868747 
714009 145651 214846 186202 884075 940808 
533933 406515 584034 766182 862637 611057 
309310 986082 125437 71184 80549 599424 
27700 995864 8173 561338 667610 947764 
52166 426784 791010 274529 956551 991257 
331912 287106 671699 356103 616963 913616 
325672 14920 210984 337646 343044 923929 
46555 31450 738612 902294 289458 814144 
417786 924189 891879 786409 381274 529296 
930874 961040 481153 737848 761441 683221 
917011 600455 414445 28235 832015 133686 
69627 729964 114913 460621 623059 247340 
851909 468609 242080 517994 303955 885495 
292044 525955 529707 371047 724856 896769 
745789 420060 80725 801329 858357 39639 
274274 599826 509506 865747 609218 367785 
346114 527972 799865 635890 268492 81209 
635267 760881 819033 466688 892369 422758 
538511 991208 972832 822942 361196 61698 
634616 989990 576139 417985 38655 184859 
592598 214624 430647 317597 86089 5922 
676379 861538 174110 409525 666193 345894 
638491 379056 484107 701504 96500 49211 
683840 405328 496669 908366 527043 798165 
706545 831634 245885 344155 811896 999715 
400012 191441 947096 409719 671414 448761 
26267 487000 832779 296504 906905 732173 
252759 187533 326978 771415 366337 313886 
483146 558871 607044 46958 500337 777869 
461447 724268 859950 339899 177370 613925 
511095 233704 948559 490136 338160 604864 
760691 487914 297774 851352 238632 580976 
226406 376656 841568 578986 82358 121681 
442040 927440 48976 295670 72879 511235 
626047 467720 174529 696998 964631 631137 
490020 8646 297725 945969 841694 457396 
58832 971231 564865 521780 596339 201351 
913860 511566 549753 448290 612160 375873 
680939 844291 961028 546519 180600 635710 
466261 444052 838202 249699 935365 444872 
580385 87976 331758 596164 756542 814053 
953420 543977 45422 87928 590900 787548 
551585 144776 924085 708117 599366 156007 
941386 149271 257557 390481 450616 847738 
17208 617745 944458 854692 314071 965315 
68455 210326 662335 704884 651341 637666 
491246 712741 567852 501627 970877 464687 
320097 214053 930154 943808 192525 745739 
418625 596355 643218 365679 105063 405790 
608490 38779 91203 419221 869091 719863 
833161 397068 988219 247956 45540 785065 
141395 564581 777152 471640 648723 662317 
864689 341288 882907 171283 937667 445906 
516129 552818 215263 184282 275948 629005 
37334 104911 642476 673376 941133 430892 
580915 183313 521861 456033 308628 361541 
471622 89643 119767 822992 844520 433568 
328598 306180 674110 505543 529207 941098 
1567 283683 527750 940751 519570 988881 
356717 210037 606677 965447 733651 327787 
380234 155516 95695 347575 531647 796774 
31432 574511 153945 246367 640043 39975 
690972 522913 203015 532932 639321 126384 
406920 363567 587380 569239 575118 948709 
464656 683210 127081 88876 819354 475498 
560819 168032 286319 574312 757322 759404 
72555 313985 162345 904596 688591 643303 
736611 475694 524558 984000 262587 91185 
355188 219975 70690 949797 593971 79505 
513166 869178 54476 850026 258611 448373 
450775 330974 562784 509445 916462 984659 
262969 938292 929276 648211 922189 206521 
183773 196520 702675 830122 383090 80352 
982854 907470 32517 745392 946074 490512 
233171 452405 831385 957712 750138 999701 
593183 549716 629888 235780 33070 201564 
390205 887331 678191 115027 816167 540611 
484102 569825 735032 504647 502800 302813 
155198 627494 313724 442336 347775 588048 
392963 98421 553798 652008 276293 372524 
76686 460400 790594 59022 572298 373763 
985137 423594 664847 566971 373120 464270 
763935 615026 593129 399186 988051 844710 
414638 7310 490212 388534 565041 746155 
688534 401609 273586 811735 802881 150158 
227173 863698 835581 816925 174383 337830 
229737 392316 13565 919667 130200 918334 
817793 612584 763481 623559 973514 500814 
178082 136618 59903 671294 11672 852339 
355256 858355 340222 755904 185146 245946 
594807 409802 599628 208582 599289 901698 
223354 635552 859344 665302 860326 62907 
662732 514834 913029 673189 474121 570403 
454845 302298 191577 716216 828057 625971 
321552 292737 5287 520828 133995 496153 
582575 126882 819549 313728 600528 167883 
582648 236289 941176 278528 156469 296563 
846207 6469 946336 759322 664097 909002 
188962 750125 853206 143930 588076 44274 
140176 212016 569726 759366 282897 71241 
35921 186169 565926 839316 875175 149717 
847235 998630 992557 25087 871676 662923 
307273 951799 621790 950807 638022 858938 
808168 569562 348314 278663 734697 736177 
709712 838526 556471 827577 552534 898595 
239433 650527 164581 83010 205042 118483 
704840 90157 919995 807963 623628 697633 
410459 342340 23107 136711 816277 596019 
283892 398550 366318 290841 892002 375253 
286794 41477 234615 10814 305762 941907 
474702 640702 397092 786498 233626 228314 
914408 560931 510901 875243 827658 914734 
383113 872266 311272 435631 527381 114182 
424121 808541 694493 738258 149320 152587 
577969 333308 137485 969336 719831 478232 
658598 849153 854807 717115 544887 95414 
4516 522019 816219 696521 953378 794420 
808453 829922 323416 901149 906936 64016 
171380 169625 605855 309403 423285 427730 
671625 847605 590713 595040 831301 946703 
202595 73710 656918 707911 348840 592957 
270676 876030 131511 10882 768095 625032 
894723 453163 76800 336061 760494 934720 
753949 592044 191891 900900 292121 674927 
318960 575418 953734 508570 246830 64100 
24200 268941 340175 519910 138311 935401 
429875 647913 167312 436063 435079 159388 
862665 534052 661643 968821 454223 479809 
677821 436693 697326 446918 359399 987210 
136508 842654 631810 620142 314514 97726 
441350 521964 178728 358776 895503 84322 
313036 952812 920429 386850 356607 762077 
182024 720979 10028 781473 434990 173813 
397254 212595 85435 800258 38972 290723 
251748 531631 238876 380652 193952 90258 
117314 937766 125747 765981 232762 805842 
408536 395784 988474 89043 348234 833357 
72949 823676 212271 689805 57501 539140 
476834 444112 393080 617366 599131 414826 
93598 640197 705789 137336 799244 843805 
702652 830602 760744 420053 141225 916571 
284882 863264 795164 360443 862691 999138 
671037 338574 113797 868288 170479 303725 
959535 223120 165465 567786 333947 77744 
203665 735856 815461 421170 156135 786377 
58530 344437 463052 118906 401243 755919 
920158 347977 449541 44966 451985 788191 
432734 659358 308475 867271 800773 284844 
937147 676886 550326 263113 834887 108005 
193890 451523 490834 419706 878055 519597 
472022 968517 555377 726263 397507 348102 
789484 388952 255364 820876 918181 925287 
804970 987735 619196 975050 673783 404895 
389384 392645 779017 450862 817543 429556 
258722 322472 618816 153876 212368 945195 
693815 652795 812093 350993 702540 370920 
350805 983634 256817 581173 290383 303943 
451782 875817 76571 268361 325651 867050 
267302 456312 472993 897231 731661 558999 
680629 114324 683868 159061 466090 244903 
307713 300199 599338 753631 362833 25360 
810185 254988 243766 119362 979070 496681 
544885 931870 464894 520878 751448 795864 
296119 905474 982396 247286 770022 304142 
505145 42039 982805 267245 861417 291536 
257461 492287 148503 24146 268051 805725 
578566 66343 814266 123238 620827 471995 
874022 40952 324584 619639 573792 744699 
842389 322472 972795 167319 907757 370494 
905385 836165 334466 976945 856826 508227 
45566 166078 352563 372897 388744 962703 
837447 28089 17679 249529 386421 167100 
751670 261535 612733 713958 519132 427700 
736128 188307 920263 852701 521011 928876 
276716 683316 705983 955642 320349 940649 
271737 640475 767759 153283 264697 500433 
482631 443780 427289 641592 451489 113771 
879756 179088 486589 13907 879000 702584 
882630 485305 789297 559740 329696 634139 
952564 581957 43758 780987 875964 841199 
67645 554307 567845 790264 833552 96514 
180827 704595 742664 904084 659805 370396 
602032 567968 623444 983527 404259 27579 
357130 954161 54938 697451 129353 303160 
332310 182278 285457 32103 444518 976248 
636980 920489 944918 144226 525522 849694 
127412 711008 42093 241963 647168 682275 
668968 74284 283311 6077 20513 343237 
811356 435324 189863 5654 261836 460909 
403098 532236 239452 917698 63646 706132 
346505 534222 395387 488171 157980 934252 
585749 160465 771056 601344 795842 403676 
171745 164565 144461 181353 40659 286630 
27143 822381 616348 126200 909892 375721 
657871 327396 595449 453244 570598 33523 
651568 590738 1547 446497 825381 216379 
830147 322116 22721 402518 893496 744134 
306288 673068 821089 580558 217569 120793 
258960 933054 337049 863652 277143 746325 
259765 65264 315352 446899 326202 921612 
266664 942525 954074 298661 523552 747863 
880966 397595 961856 785358 653738 854512 
950847 236248 953034 149277 266483 700594 
610679 719551 285337 485929 659949 534190 
15362 945397 969036 686255 856027 605311 
25713 553599 798167 372740 492913 813071 
898811 117521 289266 949200 495109 740398 
279141 212004 108794 664855 273763 749747 
618251 601573 981539 886495 373539 141452 
25238 485839 293776 316477 387103 764456 
343371 558572 156466 4122 910053 624492 
843208 128726 205264 310390 70780 764894 
544712 161992 430598 810164 494940 586410 
843857 580596 303901 530508 433018 973054 
388065 672651 114343 806155 658484 65170 
622338 88673 235805 313949 26129 283361 
261384 377817 975540 87678 717141 552743 
377466 278728 381500 57728 365791 84070 
259098 980274 265574 955042 646621 25865 
962895 806879 133769 473289 396278 476197 
426020 855703 118664 782941 502404 387703 
32034 625048 636275 308463 310856 209865 
898428 186187 455870 343315 98709 219258 
469574 622845 856296 745878 812407 292291 
984064 914625 464695 885638 477901 400874 
62933 457443 88019 288303 542213 843488 
512117 395421 46201 557058 631450 639826 
942616 136509 216313 210564 862685 836995 
448583 926682 868815 723006 752186 272632 
215704 82712 3832 436312 54085 825591 
228449 389523 800281 418183 626230 749696 
268942 13103 921956 135091 584617 458277 
398705 52519 859193 519325 261698 722358 
452524 683292 362118 798852 421005 921196 
704003 86076 73757 119016 586555 242738 
593485 904887 608698 182056 973782 252565 
159551 829484 116918 538509 887749 519198 
378696 252355 765868 948112 300798 104301 
304137 88518 905533 952162 704455 629532 
916564 509771 12984 952327 468570 506294 
996476 106484 58596 894345 618892 413708 
937120 461139 305188 429785 163218 814206 
306571 64962 18408 718561 59840 717682 
894651 843058 121155 179287 608997 889880 
713404 434887 203961 613535 32204 575100 
688739 774533 416111 374272 488669 982961 
961419 364132 984075 69315 969943 636970 
419957 843910 349035 70082 63006 841410 
726368 782769 81285 486191 778339 721998 
275000 226948 91867 421415 979471 151212 
802484 881856 61900 286362 926536 808955 
295053 958196 369450 381139 874667 858282 
888334 868418 882355 653866 441496 444739 
256127 777388 651903 26674 64368 818664 
585694 779279 552329 120296 365143 197921 
16107 456183 238052 771703 56809 361721 
799036 914762 284295 480980 433694 750718 
808212 970316 492732 421639 115809 523757 
250695 359912 143069 409505 314899 259799 
986254 442593 586535 733757 636078 602440 
826724 358873 573536 716547 858512 968772 
331469 116005 650621 429135 392352 164567 
447066 526216 232282 990061 144790 690844 
214994 136787 954796 773974 374221 35302 
606480 846406 496246 587615 804404 44349 
838778 50474 781687 377204 730818 590805 
521515 886412 665358 917028 688897 199727 
682411 748097 616659 287446 418704 465616 
84430 73317 654811 514657 418746 422769 
279843 544575 447848 430817 806201 17701 
858999 992690 28416 194704 411266 901204 
867430 642864 185385 47794 321342 235320 
461051 548111 602876 41300 391741 538828 
973580 676666 387290 510534 644175 904410 
983078 335132 359923 312303 207888 439502 
393581 965559 340132 37632 707862 663487 
451387 164638 648863 403608 737856 550042 
258994 47846 404767 312977 894503 898518 
642699 422988 597984 456879 959852 464355 
371650 580994 411748 517563 783760 581308 
303037 970031 773605 647130 295985 356108 
830350 35003 812500 29879 95106 415313 
854754 601130 228543 602353 452321 732891 
404866 61963 341555 7997 717282 361459 
157498 717279 655817 372765 388007 811507 
935440 527400 564642 652138 467894 901777 
185040 926650 772733 941576 693251 562497 
153698 222751 441156 67587 363383 218783 
142261 459472 421150 99701 355046 504513 
459236 241802 472951 771296 36535 200816 
914597 50599 485382 265208 952114 248481 
74931 183648 556789 217517 561143 197289 
700859 624418 904723 379847 488025 29580 
38767 33074 176720 442835 975697 533018 
444955 572924 402619 747063 716823 70793 
852705 406654 65743 612540 475077 732719 
870052 841978 340785 907659 294229 31946 
868881 945444 203697 743804 721322 468428 
576726 510310 229051 228975 257380 594634 
735278 91197 995460 913235 256379 683775 
333966 340414 630106 28299 257948 434454 
476962 254867 380201 213783 495171 113943 
388900 408948 554140 829307 886807 741877 
94842 648883 413487 81976 712879 663194 
785319 578071 150538 351906 562197 624810 
276600 269670 826385 714275 553846 348380 
839870 553688 603954 632998 566454 742430 
685886 807047 473942 164880 68079 215411 
990563 799983 350104 641151 815511 678755 
646110 625719 101132 539040 385400 796430 
533892 201700 614022 958128 115731 849308 
669130 906996 553833 268711 306695 978797 
761984 206194 835188 326175 242526 6914 
500829 923791 784967 283600 639767 688564 
825155 319054 113502 829961 392711 513288 
539341 250500 550275 363238 850296 862496 
77767 91598 199337 851991 127123 87078 
406006 361516 380345 779575 921596 324772 
140657 319981 334330 76180 210745 359418 
763404 148246 308455 453019 15425 87125 
659661 996723 937052 936200 163399 520211 
562916 947260 147235 463323 206888 655881 
473262 842553 913043 428582 706839 194640 
101863 166681 108866 976565 931225 705863 
108908 565587 200265 449897 198070 350126 
867933 759455 927120 35140 325433 713247 
189827 76304 78877 270022 447514 186344 
175194 719247 572142 788614 666418 676001 
744781 580131 611211 611522 885703 336319 
181520 845226 911444 11518 581221 99378 
508005 981228 486916 446763 483525 797217 
719737 29451 371628 914176 93494 892227 
957985 608153 966100 340780 574600 639086 
593511 790239 923919 269203 216316 334883 
941873 784878 950705 629697 658854 145310 
374385 665140 738024 522425 101964 222909 
818721 117869 91631 995154 146486 553287 
641476 553270 820650 115410 894633 24740 
938672 617880 952261 574501 576338 30212 
315725 155969 525239 880743 136594 879378 
93268 667097 362755 842164 533490 320696 
321607 850840 135063 172044 608303 715896 
661204 623179 900444 817125 266219 515256 
532077 285884 404762 645157 648098 946487 
594632 586266 76690 230879 271051 721230 
11269 409631 111124 264722 982703 851572 
538680 481357 44618 449473 75227 20770 
844302 814463 672315 557550 830352 80466 
868758 724333 11893 111926 453433 310588 
531345 167704 922983 623225 350240 953345 
955746 752966 171743 41389 160601 822381 
454472 532218 218093 884573 222697 622780 
441249 803987 511712 531309 395742 505684 
645365 20610 197793 154518 743828 570648 
569410 983039 155301 398989 779554 668229 
942794 173932 299631 801460 357492 954880 
678486 837134 126370 251593 224071 470860 
20152 73421 228382 838339 163064 112453 
374387 981026 56223 904952 733567 857303 
663582 525478 537257 445714 711027 102042 
64620 744098 345892 224803 913127 676027 
811288 906588 275586 144856 290834 959654 
830519 759421 439434 96823 584772 812694 
863530 390220 262060 178043 24930 340218 
597988 135957 694440 881250 543265 511130 
841040 930691 663548 606836 691651 393770 
291902 862975 23263 528004 641422 115697 
599723 611028 396596 217237 245557 756031 
118665 921328 868554 487941 141693 157060 
577362 432266 679557 210674 875269 200082 
309023 416250 47950 690188 837379 693599 
715386 393221 537320 375910 952861 585725 
66671 930044 500546 246487 798384 959095 
356364 708073 131424 94837 368877 684788 
858012 664673 259010 287597 410452 769748 
765898 651194 482134 779223 80130 884344 
57334 104711 493022 56313 445912 145233 
183077 905099 717594 36573 755561 861043 
537696 69448 629794 874617 649021 619657 
528423 149853 622842 174965 648648 23527 
584775 926557 257226 749084 607676 336277 
395968 977868 443274 296144 538498 929929 
971330 81127 167053 157106 659010 978232 
981815 29421 720760 491 920781 149683 
928404 469776 785803 574724 380174 729828 
417014 571004 279889 742451 469402 687294 
356803 272919 88796 566668 515249 871454 
872187 513145 538972 708426 210727 374197 
367642 47473 241342 703688 714027 461253 
313119 500698 278681 412590 834221 740718 
927498 967379 57890 469743 302566 573688 
440269 813347 787039 302593 857705 747004 
679841 633237 253084 105037 667672 893214 
162313 714906 706584 793068 234066 899080 
767982 382905 392045 655667 808129 859655 
414049 664478 600675 884070 98782 5061 
705530 16978 738359 633871 957829 208824 
537149 137888 545933 505113 545529 36362 
993131 723080 837829 88227 873776 258061 
991815 2929 187252 407788 724491 667330 
2366 7936 816508 932953 878605 850304 
500351 304322 894209 97315 95085 91719 
446953 461856 607019 807995 393514 425807 
216999 190451 598408 446379 55344 543125 
197140 200120 658674 324616 534130 421953 
510861 416267 777414 209595 69202 714850 
584123 359750 51802 291434 352943 185233 
928770 791502 803966 488092 163398 953938 
439210 81049 323257 358924 295204 114220 
52446 837939 452794 944914 772455 562960 
894748 709533 346375 703569 716748 664989 
512630 510524 422946 450395 922305 568257 
765177 25535 724363 46184 937210 595793 
98724 162921 418370 25820 271747 886618 
15987 634286 414307 422083 128020 319997 
181560 769357 662310 470756 88525 184345 
495812 278794 411388 996590 569781 441060 
659337 186762 949330 593552 919451 323033 
856078 684386 546391 132420 800359 258876 
621402 634976 353128 174550 901331 146695 
592856 58206 946620 842820 833923 158009 
964915 792680 327010 970151 989049 707065 
657897 372356 55621 348106 606894 579242 
260422 543334 379569 413812 116532 170470 
385804 24094 980818 234658 757944 978824 
303746 642308 667385 928729 295748 455352 
889895 12032 336269 269055 141211 433366 
563136 711139 913970 148640 717707 476101 
886209 18928 403297 814162 716437 837354 
428943 571220 569765 711268 590013 205669 
657815 917735 163076 752510 810219 370387 
211750 25581 219336 546974 856430 433957 
855137 32508 103781 611119 16516 966171 
568558 250303 307519 751110 697279 399457 
978927 363689 273660 385554 372390 500084 
935154 333995 814968 66008 102316 405688 
22818 172718 942134 737191 997400 137463 
745388 112988 211754 146558 761661 667810 
681362 376858 666242 431739 856540 987215 
147573 770328 84466 698772 813967 870756 
299011 423664 14146 883066 799568 433406 
408528 59128 858643 273743 690118 893035 
706956 587246 648601 357225 386409 484926 
917723 697022 970705 219968 858522 262718 
668237 641009 495510 763834 172691 215056 
737180 466061 385969 855166 798723 61718 
926482 271037 322242 679296 311664 154587 
261165 993916 79191 865256 191114 380496 
584210 533410 751252 446345 361908 738482 
237195 561164 199236 223887 608758 402763 
214214 686081 996919 29011 10466 864896 
85769 425089 469876 14971 481176 261781 
195247 736308 341436 120350 744046 692424 
732436 177429 886809 872396 198907 455622 
23536 269075 944682 454441 539511 695053 
341674 856591 781886 62858 19507 852408 
402508 902364 774054 950273 792424 321561 
168868 854714 818627 939007 248137 424534 
201477 394035 38217 793020 90418 658210 
79269 299578 236665 992840 329417 775001 
761753 746767 869253 899915 79216 935759 
469158 654657 117090 512372 497521 528537 
236002 707389 717627 572789 382688 259489 
828136 23399 535247 86476 996094 534600 
374994 427655 477541 248744 670594 63413 
453501 62815 795550 430009 360412 191938 
418704 234421 509986 318001 495896 794286 
4091 681358 25111 313611 69233 794632 
509818 913084 279403 67285 480257 645880 
470343 90046 866539 196510 844815 508756 
803840 214077 400090 876800 19131 960495 
92162 955320 120849 31392 626813 952974 
572898 862636 603610 627618 251899 274919 
169818 154552 911302 124854 186153 46180 
199695 396698 880567 104738 30579 234061 
390200 132674 617767 520261 834932 484096 
696034 283349 132043 508786 314024 518387 
910089 906970 616629 534548 746850 221787 
37442 114803 973450 815753 483126 435889 
476787 853337 481132 778391 337444 926391 
89565 615223 187507 675191 886442 346672 
145631 538211 194761 170959 199820 199091 
671369 217106 932315 549978 83651 665673 
706341 79741 741919 425302 698133 21567 
277696 93587 464735 668215 962573 52178 
437089 932547 107933 193983 476692 970806 
451710 96994 89775 69612 118755 693953 
162840 703103 532199 780899 572231 840914 
594242 65774 937338 91914 801991 474930 
723215 928157 903959 555135 491969 949634 
6374 534960 808705 254856 166503 576459 
810672 202947 381911 697280 602551 981537 
637603 290767 423236 147482 927735 481927 
946849 867334 417381 611881 926130 738568 
584366 552043 837323 747944 32367 460504 
106348 797311 21354 4116 608282 602379 
237232 547966 782427 515298 697577 169326 
662285 341892 212224 144926 644451 631177 
540397 452708 742205 100345 10656 457437 
267555 726970 964679 785446 545951 592740 
99324 882180 678132 5361 785614 433251 
412734 383568 147306 244988 211943 397720 
13479 199375 668291 696729 135723 611856 
951369 729039 600124 965982 684655 655600 
455015 406318 295265 914341 438919 733126 
147805 660309 181874 397222 328302 353372 
479174 964225 994690 959962 661835 3176 
848042 777896 198597 215048 40175 147110 
337433 986122 116939 685680 132505 468952 
992651 105967 42542 415552 392127 487307 
829345 931889 583386 186046 169990 985121 
67117 720260 521093 340945 465019 133167 
204934 564712 948280 724054 436088 228668 
296739 963885 584383 383600 607933 74097 
660280 786679 354596 45562 210026 713847 
337041 139698 588362 666056 372459 738084 
461930 813403 309893 370286 116416 383224 
426811 476113 764815 478047 86308 853415 
882932 548560 774580 547636 462287 833254 
68145 857108 805708 432671 338128 590996 
625549 630583 782828 310621 245942 246129 
840098 564940 22612 652791 733835 931037 
254763 504153 333591 152325 822810 791601 
124738 31582 180525 544167 858998 246653 
106815 680081 726141 782751 313610 703090 
521697 470466 137229 426147 934051 420881 
905944 990160 13396 548215 481399 958105 
283154 870613 353337 849304 473443 193934 
531804 70658 62631 548735 466838 795494 
919997 683596 394242 968723 305845 633430 
942566 780055 443117 926153 424029 479905 
225098 849553 853286 198728 290389 207852 
592903 898853 162415 856090 253471 832282 
124658 267698 951303 511990 401318 201231 
468452 845425 662493 940199 849677 785426 
698156 390779 358547 716656 172294 877418 
861553 348692 649142 261729 308113 898046 
230585 18093 220857 22847 461813 742001 
410640 906563 271898 383411 401105 512497 
581076 915408 897931 787307 247018 538064 
400210 613360 266230 737940 347654 332961 
864449 413676 769789 699297 316282 578309 
709072 511253 601363 70336 135935 33034 
770681 923741 85186 668278 690094 123030 
518765 400983 772612 596936 512830 37176 
373687 55500 911046 417362 428136 477541 
998578 510095 453874 842385 294070 242282 
368235 591298 594517 748786 193145 464935 
467471 517484 390222 320995 13926 711640 
810881 714079 886607 911372 255754 202235 
381938 326781 973146 409631 664670 552733 
742357 287088 753229 42462 615597 256031 
537166 859924 351132 24923 241749 106808 
628798 500838 289243 956104 534472 824197 
213299 331660 603945 238225 780779 982580 
251067 388267 493019 495710 958886 741837 
459469 690867 303378 357371 427080 691825 
63814 686935 102587 317251 330402 660500 
126211 937548 203445 659587 539033 66050 
163196 560329 230683 495863 404408 167794 
686069 848884 273258 64286 18732 340798 
684654 517529 233159 634362 319985 851913 
614042 381292 601873 9984 660080 232603 
980112 136050 236820 578641 169459 772672 
490492 423870 286653 530546 945491 114236 
428099 455684 638434 228014 453868 809367 
662426 42625 299719 196552 305664 148948 
807433 896606 930229 74804 861857 720605 
536801 984128 996154 646135 342076 734252 
339277 663138 977016 40801 935008 321861 
498318 578176 363678 469580 111268 995975 
771284 806363 54552 871309 358278 216030 
630444 168551 945964 743231 322126 861933 
959244 493361 781634 490262 836725 349161 
432430 300736 362325 323373 364162 600333 
50552 157957 639042 146727 299805 643085 
180337 959587 995318 223404 549083 534787 
359421 929375 763392 566230 716718 979503 
148248 662778 288101 648513 706119 991554 
917460 223948 727903 927730 287072 599845 
561484 165287 495513 252982 686624 52756 
631060 258573 970812 468582 859239 882896 
907031 969929 24897 825039 611246 683780 
589539 429362 776136 105472 231359 399185 
578405 928486 35755 601058 763843 89190 
699074 995789 913740 96211 146200 210140 
973279 38187 619031 979662 742713 256245 
880955 606987 739712 63555 540134 381297 
577452 107095 520864 132492 952850 638242 
913519 71909 113935 82279 831503 594353 
140045 857151 209551 784618 647861 890229 
488264 468539 383985 994705 710138 195285 
127644 86898 673284 268767 28425 463444 
467648 586314 520237 553010 3513 530434 
305258 683269 482889 427904 151864 811690 
960660 239996 798962 669089 552667 19264 
584827 747569 749245 180376 896715 582570 
345105 884454 324058 599235 641752 938194 
501991 253857 140066 28830 493669 969209 
361152 150167 515715 123212 501666 604903 
677270 840209 723468 666504 450918 863409 
418873 172371 21778 640300 663052 587319 
668960 471257 106927 972485 189093 21898 
269579 315495 188813 655629 274594 268593 
784584 974543 709132 977935 78482 829532 
669324 676062 578140 368194 503630 259672 
626524 594067 27775 574311 264558 912520 
706313 990746 641317 590914 327786 44405 
739891 503148 371952 808354 663280 270653 
518035 228358 346954 250778 676334 494063 
345994 425368 301020 214953 68287 55519 
178475 891248 679881 611434 888000 260031 
977668 62634 450311 123079 203726 940234 
936340 647931 420663 861838 323035 831176 
146564 220117 696904 898338 15776 405565 
531772 267194 672224 671973 557541 26700 
8561 976333 176569 887764 615201 905946 
231183 933856 570182 24375 901146 982145 
411470 372437 476546 568091 360997 952466 
252257 650012 72829 310776 128919 513161 
503933 819548 882890 693172 198728 89703 
495677 466954 410344 346225 735244 219721 
315159 185289 763777 826766 399082 531793 
922774 328268 198427 68486 170632 913433 
498033 451550 278741 194850 706062 193098 
443346 524927 760340 801179 229547 842401 
803189 137153 353783 796200 608407 254190 
92982 143505 10912 247064 413099 769741 
590307 81118 779088 997229 656422 373954 
800763 821048 42703 258068 264075 155935 
189611 932976 560846 695944 143771 954590 
344435 902 788764 755671 76006 703658 
910385 232423 12558 580019 735599 185006 
587423 61472 95461 9280 111708 359590 
828198 355820 954989 103998 809844 733466 
890648 210965 548234 189773 280287 307687 
892550 691657 319862 705382 121457 341198 
751584 833812 752108 634690 755365 717104 
470458 425260 364914 166604 431652 5788 
4109 628605 50125 755625 804467 321325 
539538 719251 970895 569035 737309 742535 
828825 522145 442631 989824 728393 21061 
473703 81482 612919 515241 813180 597793 
255697 192078 339826 145273 549432 561173 
107925 904791 194039 314486 390287 662556 
630496 306825 918815 296034 16709 932866 
62809 589823 666128 957498 41555 294119 
31616 895272 685171 367790 497792 459374 
769235 648106 360678 687376 400654 653558 
884101 55743 734826 361428 208751 592660 
956450 452074 333770 251224 241742 771117 
523405 490368 197489 979483 637400 899830 
629023 213986 200878 106642 225993 375774 
903056 661543 291879 440256 204726 269818 
579008 341386 940 683982 853273 226614 
648520 171227 462904 124342 791556 628636 
90003 21975 964796 775431 18778 979327 
27717 598360 242270 815253 324519 904519 
528156 884351 51513 304664 914218 689926 
780504 659345 201085 889687 495555 36229 
446549 453283 392982 203215 150853 391845 
648033 192795 331746 937475 600933 459934 
108296 461390 383402 327525 910084 190564 
623296 727627 606753 165621 452176 799813 
78674 108002 931805 594199 991353 917057 
385053 805673 138898 86589 602926 599924 
869567 454235 534327 915671 559152 378519 
513308 596742 524014 110765 136605 983522 
686085 206707 34060 514851 327372 629155 
441001 960241 370514 659639 157403 805458 
926823 366637 43853 550590 593604 818282 
965027 3535 60120 816699 558168 832340 
778863 105590 772854 375685 266753 913407 
676784 964048 752405 948646 456351 709714 
381584 602734 378519 665121 678942 791977 
934950 924486 394940 464895 71785 414472 
564959 141389 248394 579043 514372 566633 
321369 442712 221013 742084 515270 585246 
986613 119465 676345 66166 564520 373154 
214414 824284 326818 769337 213488 656729 
929451 437724 175953 646902 756651 674010 
189123 415051 280536 552714 267574 949109 
807608 824650 272335 986789 688533 286309 
632801 881557 867389 685582 216010 667350 
99187 110089 182124 213126 334326 322345 
670727 507229 743723 20084 266224 796774 
664041 445090 482160 174858 797473 355652 
993852 529991 153576 621186 488268 793152 
221283 561149 726169 534191 365390 709075 
844216 473718 78121 87744 90638 857618 
132351 711585 935791 588080 219860 749908 
786456 967450 364906 964988 290180 802442 
238128 543521 73006 395935 547656 365684 
243365 17325 136947 728752 869189 593711 
446364 308379 887191 420631 909246 724076 
498951 327622 108338 656646 833022 78232 
509336 407842 818268 291542 729186 507724 
246739 215119 163256 217796 589475 675456 
5387 904901 202925 322544 419450 808290 
535415 19673 356698 109835 176699 336704 
538278 425647 463532 400678 959171 685628 
533126 785623 226861 902337 832272 271199 
196932 361269 158577 30620 595629 119569 
720620 410671 383462 559320 756282 630284 
680362 775095 755715 197681 729213 984518 
963064 596660 534229 201518 936272 276788 
729381 71973 335900 294897 460743 345365 
710665 541304 546244 71516 522482 449335 
762947 212268 539296 883119 681613 683281 
426591 264135 657145 982995 634109 933244 
870393 522225 376674 53942 568895 35790 
116231 836278 201165 682280 917077 895724 
197912 904002 966298 889190 33688 934564 
683562 221794 105647 926649 320976 533444 
410611 399446 66608 548963 480602 331546 
414650 383741 316801 337264 9357 60299 
613913 924145 856742 689456 286830 738535 
101251 451786 414869 620653 383704 174571 
387378 969714 860397 123106 807779 777180 
933778 798514 55629 758856 549568 934244 
962817 272816 488334 401784 507530 882470 
462476 765111 80853 701757 346432 203940 
322109 491334 164347 83089 936115 492792 
52822 858829 558087 238889 746190 898171 
756309 869625 765753 444286 893134 428174 
729700 539984 105250 464953 500108 751282 
823943 225847 211125 821822 678889 371668 
812905 192984 132974 807530 178512 174467 
89316 201224 693865 630735 35594 868782 
395043 361008 409016 100148 702362 946923 
583020 580489 995953 677737 660017 781657 
748744 512878 745453 433544 238810 988579 
633736 937116 631158 294031 264949 766967 
337496 648356 480798 417985 374884 92470 
694128 681060 716926 383110 156224 311025 
641224 853309 565208 117088 448185 859636 
845923 550196 301271 486000 307184 719229 
119057 266795 722278 54455 807483 328397 
855109 526480 389862 825402 829396 730055 
200347 894917 850221 459888 355892 35906 
656545 719636 638808 608056 264201 609141 
248337 200757 764842 47214 949324 558268 
673668 814265 769388 770394 635767 804491 
998922 998359 117523 774746 405517 771335 
109947 789886 196195 129472 333300 729397 
595225 138597 470223 656897 463581 425313 
483633 217516 175821 473008 292988 739436 
167483 973399 628892 104289 233984 100276 
642352 284410 326458 918192 634898 905336 
362659 813456 918661 532683 133199 521963 
186938 266584 547714 476470 797311 644380 
879211 143419 223237 619946 194369 839784 
803340 880272 175161 533764 986157 921176 
106017 63932 545475 703658 305500 597084 
649207 846031 420858 674201 729895 104144 
259379 497547 997299 542397 634497 424568 
546148 329929 817879 542602 685816 47122 
772161 856611 846606 720511 804249 766855 
143210 699523 462307 383928 523366 431230 
922950 723295 609462 89986 949160 643494 
662230 789554 356260 47714 721426 61767 
120107 143726 957617 696556 734580 194579 
575807 326153 827873 152547 48886 173022 
52080 510053 393673 674053 954010 202474 
264396 997849 962379 883838 332931 768694 
18303 302778 266757 267798 638774 755703 
306252 951962 936083 345501 43356 646186 
400599 840601 751374 243 299188 377581 
131385 26127 472849 942945 867387 539651 
925978 607575 852713 500513 992128 101756 
907153 155726 386324 484058 341032 866718 
560763 885643 643925 933531 273359 47689 
30681 373029 361619 170592 586329 939379 
853584 863492 48713 610999 639888 5247 
390583 652320 175798 922562 80561 510969 
954360 227165 623636 16047 980987 166154 
699827 496239 431434 81060 383264 768494 
201586 349685 334042 46402 384060 228844 
685587 576302 319688 354478 249244 50427 
577218 811331 327791 29249 225156 82609 
994521 968325 580552 374822 234114 902460 
522760 56910 553306 713646 35508 479941 
175650 411254 769807 231142 271572 930342 
918887 220802 343152 600775 679151 261933 
86757 543357 647482 32114 408984 118729 
230870 192870 835731 412073 277123 921114 
173069 395738 964751 727082 711186 499325 
384463 20914 580815 120407 519612 468577 
922620 649139 717159 815589 255526 213730 
680986 276422 354136 34595 539981 44623 
505765 271069 473666 722662 214037 781001 
935614 227453 684586 259180 753060 364769 
976077 517506 85935 813168 537882 822327 
446923 895399 312133 987790 430353 529497 
173863 68645 761693 954748 484713 534735 
584270 728798 876427 913953 421210 913973 
127058 3465 180299 955795 882764 504151 
256922 81528 977281 152863 844198 435842 
561720 468343 990737 492479 572515 772956 
264312 539811 131688 478449 424333 442197 
744844 407015 712914 64675 974526 494200 
819827 211543 893054 349772 24001 397985 
101992 853695 986567 839027 932129 679290 
62475 464684 275612 643710 437794 109548 
595850 386943 199728 481478 95004 473197 
374332 391891 806710 75469 266156 729635 
595505 189382 524001 38095 216141 314296 
444977 175210 893362 666183 275197 509142 
76705 942902 92655 895474 381820 621101 
739730 598897 467374 264093 266254 353990 
416888 155962 761406 84731 148825 961639 
962096 528737 70490 738672 223736 9378 
263411 808752 888369 755058 663773 257043 
356242 391076 893301 340726 5096 311065 
903050 116843 393333 227091 618243 536536 
899493 731239 452848 295039 112809 393617 
418539 195416 159731 439586 994346 108954 
393356 494356 939813 597784 819541 338686 
412126 164168 617304 476386 72658 862688 
103946 428836 312762 622490 733279 237334 
596030 727766 802570 696046 111479 763421 
856336 752025 73183 521731 803848 908520 
804696 378279 719921 196969 978709 300437 
907632 729105 337129 713290 314788 720084 
789290 683991 962535 810007 1793 373726 
575396 853373 587217 530169 825168 77662 
82242 279995 985607 32278 466857 563150 
179139 212281 862486 807419 236731 533988 
426425 248393 38998 922415 345969 788668 
785354 412478 97139 631486 106198 145591 
84755 927324 566744 434062 622834 146727 
510667 832187 384069 383547 478625 42637 
863037 278300 829817 685464 677848 161468 
452798 419978 426116 910105 346395 196508 
918251 642115 216158 655204 769120 4219 
313256 507975 124516 244599 689998 520395 
437972 716675 144400 824074 754611 741185 
178740 803266 147536 776209 288446 398986 
794132 284939 540237 11871 232106 589929 
551701 955421 968907 456386 944628 937993 
707941 333361 563443 760907 549287 62804 
56412 516857 596203 821680 273779 652430 
745857 820402 559698 891961 212564 744720 
2980 286098 980732 926926 197502 344295 
170719 791261 389781 620213 615428 110430 
702560 237874 768118 914564 957323 484167 
634961 707607 787668 814299 718828 75988 
925766 427467 111331 182962 854992 764982 
910335 783871 491266 203060 633156 205289 
570531 859110 315224 403737 247793 661032 
813259 19130 971510 382627 214663 894168 
512067 958528 114645 95395 251724 579831 
11721 764370 198111 689861 63180 789604 
620354 500476 612356 902401 340905 921012 
834722 419007 653521 309343 41863 292802 
500092 708411 862804 691259 864265 256800 
527565 644177 764719 698105 837096 340188 
387542 890127 380664 564045 162386 567681 
755441 861164 693244 517008 534487 402874 
240367 19799 756296 15925 492892 139095 
398114 524026 960459 936560 980818 976388 
405039 821036 359290 494866 800868 624758 
150462 968615 802055 48104 811564 379819 
9970 207042 539077 783215 520082 812790 
20524 799118 502631 811103 652266 810543 
191000 205138 737564 342630 611697 813325 
161658 30010 982906 104781 387140 436033 
574453 659068 138699 674088 570483 341126 
404569 197775 509843 505740 508606 632529 
913176 49202 591544 867553 652774 65427 
710910 455312 262105 876372 10000 

0 0 0 0 0 0 0 0 0 0 0 0 0 0 0 0 0 0 0 0 0 
0 0 0 0 0 0 0 0 0 0 0 0 0 0 0 0 0 0 0 0 0 
0 0 0 0 0 0 0 0 0 0 0 0 0 0 0 0 0 0 0 0 0 
0 0 0 0 0 0 0 0 0 0 0 0 0 0 0 0 0 0 0 0 0 
0 0 0 0 0 0 0 0 0 0 0 0 0 0 0 0 0 0 0 0 0 
0 0 0 0 0 0 0 0 0 0 0 0 0 0 0 0 0 0 0 0 0 
0 0 0 0 0 0 0 0 0 0 0 0 0 0 0 0 0 0 0 0 0 
0 0 0 0 0 0 0 0 0 0 0 0 0 0 0 0 0 0 0 0 0 
0 0 0 0 0 0 0 0 0 0 0 0 0 0 0 0 0 0 0 0 0 
0 0 0 0 0 0 0 0 0 0 0 0 0 0 0 0 0 0 0 0 0 
0 0 0 0 0 0 0 0 0 0 0 0 0 0 0 0 0 0 0 0 0 
0 0 0 0 0 0 0 0 0 0 0 0 0 0 0 0 0 0 0 0 0 
0 0 0 0 0 0 0 0 0 0 0 0 0 0 0 0 0 0 0 0 0 
0 0 0 0 0 0 0 0 0 0 0 0 0 0 0 0 0 0 0 0 0 
0 0 0 0 0 0 0 0 0 0 0 0 0 0 0 0 0 0 0 0 0 
0 0 0 0 0 0 0 0 0 0 0 0 0 0 0 0 0 0 0 0 0 
0 0 0 0 0 0 0 0 0 0 0 0 0 0 0 0 0 0 0 0 0 
0 0 0 0 0 0 0 0 0 0 0 0 0 0 0 0 0 0 0 0 0 
0 0 0 0 0 0 0 0 0 0 0 0 0 0 0 0 0 0 0 0 0 
0 0 0 0 0 0 0 0 0 0 0 0 0 0 0 0 0 0 0 0 0 
0 0 0 0 0 0 0 0 0 0 0 0 0 0 0 0 0 0 0 0 0 
0 0 0 0 0 0 0 0 0 0 0 0 0 0 0 0 0 0 0 0 0 
0 0 0 0 0 0 0 0 0 0 0 0 0 0 0 0 0 0 0 0 0 
0 0 0 0 0 0 0 0 0 0 0 0 0 0 0 0 0 0 0 0 0 
0 0 0 0 0 0 0 0 0 0 0 0 0 0 0 0 0 0 0 0 0 
0 0 0 0 0 0 0 0 0 0 0 0 0 0 0 0 0 0 0 0 0 
0 0 0 0 0 0 0 0 0 0 0 0 0 0 0 0 0 0 0 0 0 
0 0 0 0 0 0 0 0 0 0 0 0 0 0 0 0 0 0 0 0 0 
0 0 0 0 0 0 0 0 0 0 0 0 0 0 0 0 0 0 0 0 0 
0 0 0 0 0 0 0 0 0 0 0 0 0 0 0 0 0 0 0 0 0 
0 0 0 0 0 0 0 0 0 0 0 0 0 0 0 0 0 0 0 0 0 
0 0 0 0 0 0 0 0 0 0 0 0 0 0 0 0 0 0 0 0 0 
0 0 0 0 0 0 0 0 0 0 0 0 0 0 0 0 0 0 0 0 0 
0 0 0 0 0 0 0 0 0 0 0 0 0 0 0 0 0 0 0 0 0 
0 0 0 0 0 0 0 0 0 0 0 0 0 0 0 0 0 0 0 0 0 
0 0 0 0 0 0 0 0 0 0 0 0 0 0 0 0 0 0 0 0 0 
0 0 0 0 0 0 0 0 0 0 0 0 0 0 0 0 0 0 0 0 0 
0 0 0 0 0 0 0 0 0 0 0 0 0 0 0 0 0 0 0 0 0 
0 0 0 0 0 0 0 0 0 0 0 0 0 0 0 0 0 0 0 0 0 
0 0 0 0 0 0 0 0 0 0 0 0 0 0 0 0 0 0 0 0 0 
0 0 0 0 0 0 0 0 0 0 0 0 0 0 0 0 0 0 0 0 0 
0 0 0 0 0 0 0 0 0 0 0 0 0 0 0 0 0 0 0 0 0 
0 0 0 0 0 0 0 0 0 0 0 0 0 0 0 0 0 0 0 0 0 
0 0 0 0 0 0 0 0 0 0 0 0 0 0 0 0 0 0 0 0 0 
0 0 0 0 0 0 0 0 0 0 0 0 0 0 0 0 0 0 0 0 0 
0 0 0 0 0 0 0 0 0 0 0 0 0 0 0 0 0 0 0 0 0 
0 0 0 0 0 0 0 0 0 0 0 0 0 0 0 0 0 0 0 0 0 
0 0 0 0 0 0 0 0 0 0 0 0 0 0 0 0 0 0 0 0 0 
0 0 0 0 0 0 0 0 0 0 0 0 0 0 0 0 0 0 0 0 0 
0 0 0 0 0 0 0 0 0 0 0 0 0 0 0 0 0 0 0 0 0 
0 0 0 0 0 0 0 0 0 0 0 0 0 0 0 0 0 0 0 0 0 
0 0 0 0 0 0 0 0 0 0 0 0 0 0 0 0 0 0 0 0 0 
0 0 0 0 0 0 0 0 0 0 0 0 0 0 0 0 0 0 0 0 0 
0 0 0 0 0 0 0 0 0 0 0 0 0 0 0 0 0 0 0 0 0 
0 0 0 0 0 0 0 0 0 0 0 0 0 0 0 0 0 0 0 0 0 
0 0 0 0 0 0 0 0 0 0 0 0 0 0 0 0 0 0 0 0 0 
0 0 0 0 0 0 0 0 0 0 0 0 0 0 0 0 0 0 0 0 0 
0 0 0 0 0 0 0 0 0 0 0 0 0 0 0 0 0 0 0 0 0 
0 0 0 0 0 0 0 0 0 0 0 0 0 0 0 0 0 0 0 0 0 
0 0 0 0 0 0 0 0 0 0 0 0 0 0 0 0 0 0 0 0 0 
0 0 0 0 0 0 0 0 0 0 0 0 0 0 0 0 0 0 0 0 0 
0 0 0 0 0 0 0 0 0 0 0 0 0 0 0 0 0 0 0 0 0 
0 0 0 0 0 0 0 0 0 0 0 0 0 0 0 0 0 0 0 0 0 
0 0 0 0 0 0 0 0 0 0 0 0 0 0 0 0 0 0 0 0 0 
0 0 0 0 0 0 0 0 0 0 0 0 0 0 0 0 0 0 0 0 0 
0 0 0 0 0 0 0 0 0 0 0 0 0 0 0 0 0 0 0 0 0 
0 0 0 0 0 0 0 0 0 0 0 0 0 0 0 0 0 0 0 0 0 
0 0 0 0 0 0 0 0 0 0 0 0 0 0 0 0 0 0 0 0 0 
0 0 0 0 0 0 0 0 0 0 0 0 0 0 0 0 0 0 0 0 0 
0 0 0 0 0 0 0 0 0 0 0 0 0 0 0 0 0 0 0 0 0 
0 0 0 0 0 0 0 0 0 0 0 0 0 0 0 0 0 0 0 0 0 
0 0 0 0 0 0 0 0 0 0 0 0 0 0 0 0 0 0 0 0 0 
0 0 0 0 0 0 0 0 0 0 0 0 0 0 0 0 0 0 0 0 0 
0 0 0 0 0 0 0 0 0 0 0 0 0 0 0 0 0 0 0 0 0 
0 0 0 0 0 0 0 0 0 0 0 0 0 0 0 0 0 0 0 0 0 
0 0 0 0 0 0 0 0 0 0 0 0 0 0 0 0 0 0 0 0 0 
0 0 0 0 0 0 0 0 0 0 0 0 0 0 0 0 0 0 0 0 0 
0 0 0 0 0 0 0 0 0 0 0 0 0 0 0 0 0 0 0 0 0 
0 0 0 0 0 0 0 0 0 0 0 0 0 0 0 0 0 0 0 0 0 
0 0 0 0 0 0 0 0 0 0 0 0 0 0 0 0 0 0 0 0 0 
0 0 0 0 0 0 0 0 0 0 0 0 0 0 0 0 0 0 0 0 0 
0 0 0 0 0 0 0 0 0 0 0 0 0 0 0 0 0 0 0 0 0 
0 0 0 0 0 0 0 0 0 0 0 0 0 0 0 0 0 0 0 0 0 
0 0 0 0 0 0 0 0 0 0 0 0 0 0 0 0 0 0 0 0 0 
0 0 0 0 0 0 0 0 0 0 0 0 0 0 0 0 0 0 0 0 0 
0 0 0 0 0 0 0 0 0 0 0 0 0 0 0 0 0 0 0 0 0 
0 0 0 0 0 0 0 0 0 0 0 0 0 0 0 0 0 0 0 0 0 
0 0 0 0 0 0 0 0 0 0 0 0 0 0 0 0 0 0 0 0 0 
0 0 0 0 0 0 0 0 0 0 0 0 0 0 0 0 0 0 0 0 0 
0 0 0 0 0 0 0 0 0 0 0 0 0 0 0 0 0 0 0 0 0 
0 0 0 0 0 0 0 0 0 0 0 0 0 0 0 0 0 0 0 0 0 
0 0 0 0 0 0 0 0 0 0 0 0 0 0 0 0 0 0 0 0 0 
0 0 0 0 0 0 0 0 0 0 0 0 0 0 0 0 0 0 0 0 0 
0 0 0 0 0 0 0 0 0 0 0 0 0 0 0 0 0 0 0 0 0 
0 0 0 0 0 0 0 0 0 0 0 0 0 0 0 0 0 0 0 0 0 
0 0 0 0 0 0 0 0 0 0 0 0 0 0 0 0 0 0 0 0 0 
0 0 0 0 0 0 0 0 0 0 0 0 0 0 0 0 0 0 0 0 0 
0 0 0 0 0 0 0 0 0 0 0 0 0 0 0 0 0 0 0 0 0 
0 0 0 0 0 0 0 0 0 0 0 0 0 0 0 0 0 0 0 0 0 
0 0 0 0 0 0 0 0 0 0 0 0 0 0 0 0 0 0 0 0 0 
0 0 0 0 0 0 0 0 0 0 0 0 0 0 0 0 0 0 0 0 0 
0 0 0 0 0 0 0 0 0 0 0 0 0 0 0 0 0 0 0 0 0 
0 0 0 0 0 0 0 0 0 0 0 0 0 0 0 0 0 0 0 0 0 
0 0 0 0 0 0 0 0 0 0 0 0 0 0 0 0 0 0 0 0 0 
0 0 0 0 0 0 0 0 0 0 0 0 0 0 0 0 0 0 0 0 0 
0 0 0 0 0 0 0 0 0 0 0 0 0 0 0 0 0 0 0 0 0 
0 0 0 0 0 0 0 0 0 0 0 0 0 0 0 0 0 0 0 0 0 
0 0 0 0 0 0 0 0 0 0 0 0 0 0 0 0 0 0 0 0 0 
0 0 0 0 0 0 0 0 0 0 0 0 0 0 0 0 0 0 0 0 0 
0 0 0 0 0 0 0 0 0 0 0 0 0 0 0 0 0 0 0 0 0 
0 0 0 0 0 0 0 0 0 0 0 0 0 0 0 0 0 0 0 0 0 
0 0 0 0 0 0 0 0 0 0 0 0 0 0 0 0 0 0 0 0 0 
0 0 0 0 0 0 0 0 0 0 0 0 0 0 0 0 0 0 0 0 0 
0 0 0 0 0 0 0 0 0 0 0 0 0 0 0 0 0 0 0 0 0 
0 0 0 0 0 0 0 0 0 0 0 0 0 0 0 0 0 0 0 0 0 
0 0 0 0 0 0 0 0 0 0 0 0 0 0 0 0 0 0 0 0 0 
0 0 0 0 0 0 0 0 0 0 0 0 0 0 0 0 0 0 0 0 0 
0 0 0 0 0 0 0 0 0 0 0 0 0 0 0 0 0 0 0 0 0 
0 0 0 0 0 0 0 0 0 0 0 0 0 0 0 0 0 0 0 0 0 
0 0 0 0 0 0 0 0 0 0 0 0 0 0 0 0 0 0 0 0 0 
0 0 0 0 0 0 0 0 0 0 0 0 0 0 0 0 0 0 0 0 0 
0 0 0 0 0 0 0 0 0 0 0 0 0 0 0 0 0 0 0 0 0 
0 0 0 0 0 0 0 0 0 0 0 0 0 0 0 0 0 0 0 0 0 
0 0 0 0 0 0 0 0 0 0 0 0 0 0 0 0 0 0 0 0 0 
0 0 0 0 0 0 0 0 0 0 0 0 0 0 0 0 0 0 0 0 0 
0 0 0 0 0 0 0 0 0 0 0 0 0 0 0 0 0 0 0 0 0 
0 0 0 0 0 0 0 0 0 0 0 0 0 0 0 0 0 0 0 0 0 
0 0 0 0 0 0 0 0 0 0 0 0 0 0 0 0 0 0 0 0 0 
0 0 0 0 0 0 0 0 0 0 0 0 0 0 0 0 0 0 0 0 0 
0 0 0 0 0 0 0 0 0 0 0 0 0 0 0 0 0 0 0 0 0 
0 0 0 0 0 0 0 0 0 0 0 0 0 0 0 0 0 0 0 0 0 
0 0 0 0 0 0 0 0 0 0 0 0 0 0 0 0 0 0 0 0 0 
0 0 0 0 0 0 0 0 0 0 0 0 0 0 0 0 0 0 0 0 0 
0 0 0 0 0 0 0 0 0 0 0 0 0 0 0 0 0 0 0 0 0 
0 0 0 0 0 0 0 0 0 0 0 0 0 0 0 0 0 0 0 0 0 
0 0 0 0 0 0 0 0 0 0 0 0 0 0 0 0 0 0 0 0 0 
0 0 0 0 0 0 0 0 0 0 0 0 0 0 0 0 0 0 0 0 0 
0 0 0 0 0 0 0 0 0 0 0 0 0 0 0 0 0 0 0 0 0 
0 0 0 0 0 0 0 0 0 0 0 0 0 0 0 0 0 0 0 0 0 
0 0 0 0 0 0 0 0 0 0 0 0 0 0 0 0 0 0 0 0 0 
0 0 0 0 0 0 0 0 0 0 0 0 0 0 0 0 0 0 0 0 0 
0 0 0 0 0 0 0 0 0 0 0 0 0 0 0 0 0 0 0 0 0 
0 0 0 0 0 0 0 0 0 0 0 0 0 0 0 0 0 0 0 0 0 
0 0 0 0 0 0 0 0 0 0 0 0 0 0 0 0 0 0 0 0 0 
0 0 0 0 0 0 0 0 0 0 0 0 0 0 0 0 0 0 0 0 0 
0 0 0 0 0 0 0 0 0 0 0 0 0 0 0 0 0 0 0 0 0 
0 0 0 0 0 0 0 0 0 0 0 0 0 0 0 0 0 0 0 0 0 
0 0 0 0 0 0 0 0 0 0 0 0 0 0 0 0 0 0 0 0 0 
0 0 0 0 0 0 0 0 0 0 0 0 0 0 0 0 0 0 0 0 0 
0 0 0 0 0 0 0 0 0 0 0 0 0 0 0 0 0 0 0 0 0 
0 0 0 0 0 0 0 0 0 0 0 0 0 0 0 0 0 0 0 0 0 
0 0 0 0 0 0 0 0 0 0 0 0 0 0 0 0 0 0 0 0 0 
0 0 0 0 0 0 0 0 0 0 0 0 0 0 0 0 0 0 0 0 0 
0 0 0 0 0 0 0 0 0 0 0 0 0 0 0 0 0 0 0 0 0 
0 0 0 0 0 0 0 0 0 0 0 0 0 0 0 0 0 0 0 0 0 
0 0 0 0 0 0 0 0 0 0 0 0 0 0 0 0 0 0 0 0 0 
0 0 0 0 0 0 0 0 0 0 0 0 0 0 0 0 0 0 0 0 0 
0 0 0 0 0 0 0 0 0 0 0 0 0 0 0 0 0 0 0 0 0 
0 0 0 0 0 0 0 0 0 0 0 0 0 0 0 0 0 0 0 0 0 
0 0 0 0 0 0 0 0 0 0 0 0 0 0 0 0 0 0 0 0 0 
0 0 0 0 0 0 0 0 0 0 0 0 0 0 0 0 0 0 0 0 0 
0 0 0 0 0 0 0 0 0 0 0 0 0 0 0 0 0 0 0 0 0 
0 0 0 0 0 0 0 0 0 0 0 0 0 0 0 0 0 0 0 0 0 
0 0 0 0 0 0 0 0 0 0 0 0 0 0 0 0 0 0 0 0 0 
0 0 0 0 0 0 0 0 0 0 0 0 0 0 0 0 0 0 0 0 0 
0 0 0 0 0 0 0 0 0 0 0 0 0 0 0 0 0 0 0 0 0 
0 0 0 0 0 0 0 0 0 0 0 0 0 0 0 0 0 0 0 0 0 
0 0 0 0 0 0 0 0 0 0 0 0 0 0 0 0 0 0 0 0 0 
0 0 0 0 0 0 0 0 0 0 0 0 0 0 0 0 0 0 0 0 0 
0 0 0 0 0 0 0 0 0 0 0 0 0 0 0 0 0 0 0 0 0 
0 0 0 0 0 0 0 0 0 0 0 0 0 0 0 0 0 0 0 0 0 
0 0 0 0 0 0 0 0 0 0 0 0 0 0 0 0 0 0 0 0 0 
0 0 0 0 0 0 0 0 0 0 0 0 0 0 0 0 0 0 0 0 0 
0 0 0 0 0 0 0 0 0 0 0 0 0 0 0 0 0 0 0 0 0 
0 0 0 0 0 0 0 0 0 0 0 0 0 0 0 0 0 0 0 0 0 
0 0 0 0 0 0 0 0 0 0 0 0 0 0 0 0 0 0 0 0 0 
0 0 0 0 0 0 0 0 0 0 0 0 0 0 0 0 0 0 0 0 0 
0 0 0 0 0 0 0 0 0 0 0 0 0 0 0 0 0 0 0 0 0 
0 0 0 0 0 0 0 0 0 0 0 0 0 0 0 0 0 0 0 0 0 
0 0 0 0 0 0 0 0 0 0 0 0 0 0 0 0 0 0 0 0 0 
0 0 0 0 0 0 0 0 0 0 0 0 0 0 0 0 0 0 0 0 0 
0 0 0 0 0 0 0 0 0 0 0 0 0 0 0 0 0 0 0 0 0 
0 0 0 0 0 0 0 0 0 0 0 0 0 0 0 0 0 0 0 0 0 
0 0 0 0 0 0 0 0 0 0 0 0 0 0 0 0 0 0 0 0 0 
0 0 0 0 0 0 0 0 0 0 0 0 0 0 0 0 0 0 0 0 0 
0 0 0 0 0 0 0 0 0 0 0 0 0 0 0 0 0 0 0 0 0 
0 0 0 0 0 0 0 0 0 0 0 0 0 0 0 0 0 0 0 0 0 
0 0 0 0 0 0 0 0 0 0 0 0 0 0 0 0 0 0 0 0 0 
0 0 0 0 0 0 0 0 0 0 0 0 0 0 0 0 0 0 0 0 0 
0 0 0 0 0 0 0 0 0 0 0 0 0 0 0 0 0 0 0 0 0 
0 0 0 0 0 0 0 0 0 0 0 0 0 0 0 0 0 0 0 0 0 
0 0 0 0 0 0 0 0 0 0 0 0 0 0 0 0 0 0 0 0 0 
0 0 0 0 0 0 0 0 0 0 0 0 0 0 0 0 0 0 0 0 0 
0 0 0 0 0 0 0 0 0 0 0 0 0 0 0 0 0 0 0 0 0 
0 0 0 0 0 0 0 0 0 0 0 0 0 0 0 0 0 0 0 0 0 
0 4096 
8 